3347.75659179688	3.28109e-16	2.1526168e-17
3351.834650993352	3.162778e-16	2.0779162e-17
3355.9127101898243	3.5838382e-16	2.0673068e-17
3359.9907693862965	3.5478642e-16	2.0298374e-17
3364.0688285827687	3.4137765e-16	1.9432105e-17
3368.146887779241	3.378883e-16	1.918343e-17
3372.224946975713	3.156802e-16	1.8261852e-17
3376.303006172185	3.3286055e-16	1.801704e-17
3380.3810653686573	3.6752315e-16	1.7865276e-17
3384.4591245651295	3.4887307e-16	1.7443141e-17
3388.5371837616017	3.3238767e-16	1.7036862e-17
3392.615242958074	3.5698296e-16	1.6876025e-17
3396.693302154546	3.3170083e-16	1.623608e-17
3400.771361351018	3.3104488e-16	1.6070758e-17
3404.8494205474904	3.1655257e-16	1.5630107e-17
3408.9274797439625	3.6699328e-16	1.5818426e-17
3413.0055389404347	3.3942487e-16	1.525453e-17
3417.083598136907	3.2535232e-16	1.49337e-17
3421.1616573333795	3.348031e-16	1.4764208e-17
3425.2397165298516	3.6622764e-16	1.459191e-17
3429.317775726324	3.4756515e-16	1.4234308e-17
3433.395834922796	3.1079015e-16	1.3817297e-17
3437.473894119268	3.2085838e-16	1.373531e-17
3441.5519533157403	3.3613446e-16	1.3686697e-17
3445.6300125122125	3.3789706e-16	1.33939955e-17
3449.7080717086847	3.3290483e-16	1.3139715e-17
3453.786130905157	3.1940003e-16	1.2796216e-17
3457.864190101629	3.044002e-16	1.250436e-17
3461.942249298101	3.32005e-16	1.26117705e-17
3466.0203084945733	3.2272326e-16	1.2544208e-17
3470.0983676910455	3.335041e-16	1.2450828e-17
3474.1764268875177	3.411181e-16	1.23367065e-17
3478.25448608399	3.539337e-16	1.23099646e-17
3482.332545280462	3.282435e-16	1.1903369e-17
3486.410604476934	3.3261798e-16	1.18469006e-17
3490.4886636734063	3.2444117e-16	1.10675145e-17
3494.5667228698785	3.1024977e-16	1.0887159e-17
3498.6447820663507	3.0685325e-16	1.0701515e-17
3502.722841262823	3.065428e-16	1.0545522e-17
3506.800900459295	3.3559257e-16	1.0708054e-17
3510.878959655767	3.0103718e-16	1.0230962e-17
3514.9570188522393	3.096263e-16	1.0192258e-17
3519.0350780487115	3.0152663e-16	9.993999e-18
3523.1131372451837	3.242645e-16	1.0166652e-17
3527.191196441656	2.804208e-16	1.0287406e-17
3531.269255638128	3.0772522e-16	1.0473756e-17
3535.3473148346	3.037453e-16	1.03739715e-17
3539.4253740310724	2.909185e-16	1.01700376e-17
3543.5034332275445	3.0006574e-16	1.0061316e-17
3547.5814924240167	2.8736678e-16	9.898534e-18
3551.659551620489	2.8441034e-16	9.73634e-18
3555.737610816961	2.939809e-16	9.616537e-18
3559.815670013433	2.8646993e-16	9.450832e-18
3563.8937292099054	2.918663e-16	9.386831e-18
3567.9717884063775	2.8928597e-16	9.2473565e-18
3572.0498476028497	2.7803933e-16	9.005384e-18
3576.127906799322	2.8689572e-16	9.009406e-18
3580.2059659957945	2.9969897e-16	9.059231e-18
3584.2840251922667	2.8858214e-16	8.962805e-18
3588.362084388739	2.7799351e-16	8.789708e-18
3592.440143585211	2.9708648e-16	8.830286e-18
3596.518202781683	2.9429239e-16	8.816561e-18
3600.5962619781553	2.8750966e-16	8.6455735e-18
3604.6743211746275	1.7805775e-16	8.553517e-18
3608.7523803710997	2.653562e-16	8.654436e-18
3612.830439567572	2.8515248e-16	8.442627e-18
3616.908498764044	2.8321304e-16	8.353329e-18
3620.986557960516	2.817492e-16	8.392586e-18
3625.0646171569883	2.881719e-16	8.390719e-18
3629.1426763534605	3.0456036e-16	8.421006e-18
3633.2207355499327	3.0612957e-16	8.367968e-18
3637.298794746405	3.07735e-16	8.328406e-18
3641.376853942877	3.0594507e-16	8.1758896e-18
3645.454913139349	2.8709128e-16	8.018505e-18
3649.5329723358213	2.9297215e-16	8.009859e-18
3653.6110315322935	2.9698555e-16	7.9927104e-18
3657.6890907287657	3.02339e-16	8.0233236e-18
3661.767149925238	2.877624e-16	7.8381865e-18
3665.84520912171	2.9634806e-16	7.8333714e-18
3669.923268318182	2.8892315e-16	7.654584e-18
3674.0013275146543	2.8988276e-16	7.61508e-18
3678.0793867111265	2.8675085e-16	7.511839e-18
3682.1574459075987	2.8589808e-16	7.496284e-18
3686.235505104071	3.0093426e-16	7.225478e-18
3690.313564300543	2.9672027e-16	7.1609845e-18
3694.391623497015	2.6990014e-16	6.975489e-18
3698.4696826934874	2.9889567e-16	7.126649e-18
3702.5477418899595	2.9726738e-16	7.0451635e-18
3706.6258010864317	2.890453e-16	6.941693e-18
3710.703860282904	2.968087e-16	6.922007e-18
3714.7819194793765	2.8513866e-16	6.7772425e-18
3718.8599786758487	2.961911e-16	6.7739102e-18
3722.938037872321	2.9354083e-16	6.7142672e-18
3727.016097068793	2.8371326e-16	6.9158813e-18
3731.094156265265	2.8804435e-16	6.9259287e-18
3735.1722154617373	2.8492833e-16	6.852782e-18
3739.2502746582095	2.8206573e-16	6.7245317e-18
3743.3283338546817	2.885382e-16	6.75146e-18
3747.406393051154	2.683055e-16	6.53377e-18
3751.484452247626	2.7782898e-16	6.5350672e-18
3755.562511444098	2.8040772e-16	6.520022e-18
3759.6405706405703	2.75166e-16	6.391768e-18
3763.7186298370425	2.8761104e-16	6.4673923e-18
3767.7966890335147	2.8075106e-16	6.3793095e-18
3771.874748229987	2.7022754e-16	6.296826e-18
3775.952807426459	2.7936968e-16	6.3431696e-18
3780.030866622931	2.805793e-16	6.316224e-18
3784.1089258194033	2.8126282e-16	6.278908e-18
3788.1869850158755	2.7588382e-16	6.144523e-18
3792.2650442123477	2.775605e-16	6.086889e-18
3796.34310340882	2.756641e-16	6.032557e-18
3800.421162605292	2.661494e-16	5.9335535e-18
3804.499221801764	2.6853544e-16	5.9296426e-18
3808.5772809982363	2.6514434e-16	5.8962257e-18
3812.6553401947085	2.8021255e-16	5.91138e-18
3816.7333993911807	2.7907142e-16	5.860747e-18
3820.811458587653	2.527551e-16	5.608468e-18
3824.889517784125	2.6472956e-16	5.6717057e-18
3828.967576980597	2.5573915e-16	5.571508e-18
3833.0456361770694	2.6164083e-16	5.5967094e-18
3837.1236953735415	2.7821607e-16	5.683247e-18
3841.2017545700137	2.726462e-16	5.6252703e-18
3845.279813766486	2.67689e-16	5.5906912e-18
3849.357872962958	2.6605178e-16	5.55146e-18
3853.43593215943	2.600113e-16	5.446352e-18
3857.5139913559024	2.5138146e-16	5.472253e-18
3861.5920505523745	2.338551e-16	5.4693186e-18
3865.6701097488467	2.70491e-16	5.411213e-18
3869.748168945319	2.5918912e-16	5.3591113e-18
3873.826228141791	2.644997e-16	5.351043e-18
3877.904287338263	2.5189733e-16	5.2447358e-18
3881.9823465347354	2.5027682e-16	5.2318438e-18
3886.0604057312075	2.636983e-16	5.280699e-18
3890.13846492768	2.532675e-16	5.2061544e-18
3894.2165241241523	2.6085674e-16	5.266712e-18
3898.2945833206245	2.5992482e-16	5.265291e-18
3902.3726425170967	2.574001e-16	5.0208846e-18
3906.450701713569	2.632229e-16	5.0627424e-18
3910.528760910041	2.607112e-16	5.049983e-18
3914.606820106513	2.5956557e-16	5.0178794e-18
3918.6848793029853	2.4956044e-16	4.908028e-18
3922.7629384994575	2.5164928e-16	4.8390008e-18
3926.8409976959297	2.5317772e-16	4.7590087e-18
3930.919056892402	2.5209228e-16	4.7066548e-18
3934.997116088874	2.6707e-16	4.770766e-18
3939.075175285346	2.6917622e-16	4.8077354e-18
3943.1532344818183	2.8263944e-16	4.925866e-18
3947.2312936782905	2.7194162e-16	5.1003725e-18
3951.3093528747627	2.4989436e-16	4.9586777e-18
3955.387412071235	2.534789e-16	4.9619442e-18
3959.465471267707	2.4506273e-16	4.8644345e-18
3963.543530464179	2.477843e-16	4.8068326e-18
3967.6215896606514	2.4752857e-16	4.726893e-18
3971.6996488571235	2.4387632e-16	4.7052908e-18
3975.7777080535957	2.4583072e-16	4.755412e-18
3979.855767250068	2.4710074e-16	4.808678e-18
3983.93382644654	2.3821356e-16	4.7846877e-18
3988.011885643012	2.4716008e-16	4.8453e-18
3992.0899448394844	2.446738e-16	4.8299188e-18
3996.1680040359565	2.5811953e-16	4.9075277e-18
4000.246063232429	2.5239573e-16	4.8650057e-18
4004.3241224289013	2.4477108e-16	4.831086e-18
4008.4021816253735	2.4595672e-16	4.8142317e-18
4012.4802408218457	2.307761e-16	4.7095164e-18
4016.558300018318	2.4582034e-16	4.8022248e-18
4020.63635921479	2.3624072e-16	4.747379e-18
4024.714418411262	2.4950899e-16	4.820232e-18
4028.7924776077343	2.3895247e-16	4.7402172e-18
4032.8705368042065	2.5309106e-16	4.7869587e-18
4036.9485960006787	2.4480777e-16	4.728239e-18
4041.026655197151	2.371286e-16	4.6863723e-18
4045.104714393623	2.2494913e-16	4.5877203e-18
4049.182773590095	2.3672737e-16	4.652099e-18
4053.2608327865673	2.4108334e-16	4.6525415e-18
4057.3388919830395	2.2980922e-16	4.597157e-18
4061.4169511795117	2.331079e-16	4.6015797e-18
4065.495010375984	2.4417003e-16	4.6632725e-18
4069.573069572456	2.4411823e-16	4.678672e-18
4073.651128768928	2.4542578e-16	4.670399e-18
4077.7291879654003	2.4658633e-16	4.671264e-18
4081.8072471618725	2.3770344e-16	4.613232e-18
4085.8853063583447	2.3703005e-16	4.6247672e-18
4089.963365554817	2.4202082e-16	4.6691575e-18
4094.041424751289	2.4036828e-16	4.611736e-18
4098.119483947761	2.391831e-16	4.585112e-18
4102.197543144233	2.4103932e-16	4.5486455e-18
4106.2756023407055	2.3265422e-16	4.5081364e-18
4110.353661537178	2.393852e-16	4.552846e-18
4114.43172073365	2.3545967e-16	4.5427485e-18
4118.509779930122	2.2669087e-16	4.4931946e-18
4122.587839126594	2.379194e-16	4.5681554e-18
4126.665898323066	2.4313543e-16	4.5967163e-18
4130.7439575195385	2.430589e-16	4.5764135e-18
4134.822016716011	2.3756336e-16	4.5400838e-18
4138.900075912483	2.369768e-16	4.5370017e-18
4142.978135108955	2.3444628e-16	4.5140255e-18
4147.056194305427	2.3284181e-16	4.2815336e-18
4151.134253501899	2.3297003e-16	4.2762694e-18
4155.2123126983715	2.181132e-16	4.1940956e-18
4159.290371894844	2.144453e-16	4.166367e-18
4163.368431091316	2.07785e-16	4.152199e-18
4167.446490287788	2.239975e-16	4.244294e-18
4171.52454948426	2.3070975e-16	4.286569e-18
4175.602608680732	2.2925892e-16	4.2655574e-18
4179.6806678772045	2.3192561e-16	4.2528304e-18
4183.758727073677	2.3307427e-16	4.241163e-18
4187.836786270149	2.2382562e-16	4.182085e-18
4191.914845466621	2.215582e-16	4.168145e-18
4195.992904663093	2.1428345e-16	4.101933e-18
4200.070963859565	2.224546e-16	4.313361e-18
4204.149023056038	2.2519996e-16	4.3270194e-18
4208.22708225251	2.345967e-16	4.398278e-18
4212.305141448982	2.3022615e-16	4.3647823e-18
4216.383200645454	2.3490624e-16	4.391589e-18
4220.461259841926	2.4798054e-16	4.452915e-18
4224.539319038398	2.392796e-16	4.39545e-18
4228.617378234871	2.3700869e-16	4.3637475e-18
4232.695437431343	2.4202683e-16	4.380133e-18
4236.773496627815	2.4818367e-16	4.4102325e-18
4240.851555824287	2.4647626e-16	4.4148677e-18
4244.929615020759	2.460312e-16	4.408053e-18
4249.007674217231	2.4393863e-16	4.3942746e-18
4253.085733413704	2.4829328e-16	4.419236e-18
4257.163792610176	2.5241055e-16	4.4311404e-18
4261.241851806648	2.3977242e-16	4.3663746e-18
4265.319911003121	2.3925343e-16	4.3623425e-18
4269.397970199593	2.3899498e-16	4.358484e-18
4273.476029396065	2.4638997e-16	4.3928026e-18
4277.5540885925375	2.4563026e-16	4.360718e-18
4281.63214778901	2.3727195e-16	4.3172496e-18
4285.710206985482	2.3986975e-16	4.321978e-18
4289.788266181954	2.427139e-16	4.3240383e-18
4293.866325378426	2.3985106e-16	4.2862696e-18
4297.944384574898	2.4625635e-16	4.3098968e-18
4302.0224437713705	2.3714916e-16	4.2478326e-18
4306.100502967843	2.404358e-16	4.2275654e-18
4310.178562164315	2.3979156e-16	4.219597e-18
4314.256621360787	2.3767506e-16	4.2367657e-18
4318.334680557259	2.400495e-16	4.2786074e-18
4322.412739753731	2.405565e-16	4.278142e-18
4326.4907989502035	2.43715e-16	4.318799e-18
4330.568858146676	2.4057935e-16	4.283999e-18
4334.646917343148	2.300717e-16	4.2216457e-18
4338.72497653962	2.2978506e-16	4.1967687e-18
4342.803035736092	2.2882283e-16	4.1885974e-18
4346.881094932564	2.3364975e-16	4.2277544e-18
4350.9591541290365	2.3107538e-16	4.2060554e-18
4355.037213325509	2.322916e-16	4.2226553e-18
4359.115272521981	2.2369815e-16	4.1731477e-18
4363.193331718453	2.300631e-16	4.2309813e-18
4367.271390914925	2.3576469e-16	4.2739657e-18
4371.349450111397	2.24051e-16	4.182864e-18
4375.4275093078695	2.2667615e-16	4.2135985e-18
4379.505568504342	2.2684977e-16	4.1951056e-18
4383.583627700814	2.2622625e-16	4.1745068e-18
4387.661686897286	2.2776142e-16	4.166519e-18
4391.739746093758	2.206027e-16	4.1189616e-18
4395.81780529023	2.2349663e-16	4.1453966e-18
4399.8958644867025	2.295486e-16	4.1893398e-18
4403.973923683175	2.228741e-16	4.1657105e-18
4408.051982879647	2.1753431e-16	4.1521216e-18
4412.130042076119	2.18362e-16	4.1592353e-18
4416.208101272591	2.1513319e-16	4.147048e-18
4420.286160469063	2.2011091e-16	4.1857047e-18
4424.3642196655355	2.1686078e-16	4.151759e-18
4428.442278862008	2.1966918e-16	4.1770553e-18
4432.52033805848	2.2062868e-16	3.977125e-18
4436.598397254952	2.223119e-16	3.9843433e-18
4440.676456451424	2.2129522e-16	3.968687e-18
4444.754515647896	2.124851e-16	3.929582e-18
4448.8325748443685	2.1159783e-16	3.9116614e-18
4452.910634040841	2.1610027e-16	3.9377247e-18
4456.988693237313	2.2147484e-16	3.950618e-18
4461.066752433785	2.1298162e-16	3.9017667e-18
4465.144811630257	1.973327e-16	4.5103078e-18
4469.222870826729	1.8591164e-16	4.3534e-18
4473.3009300232015	1.931254e-16	3.945156e-18
4477.378989219674	2.1978783e-16	3.951394e-18
4481.457048416146	2.2222608e-16	3.961149e-18
4485.535107612618	2.2702635e-16	3.9918214e-18
4489.61316680909	2.292496e-16	3.9863492e-18
4493.691226005562	2.1717791e-16	4.1027124e-18
4497.769285202035	2.1707844e-16	4.1005254e-18
4501.847344398507	2.1942162e-16	4.1305297e-18
4505.92540359498	2.1589587e-16	4.1175967e-18
4510.003462791452	2.2063252e-16	4.1385765e-18
4514.081521987924	2.1965307e-16	4.1194186e-18
4518.159581184396	2.1392264e-16	4.078153e-18
4522.2376403808685	2.183696e-16	4.1035342e-18
4526.315699577341	2.1540491e-16	4.0715108e-18
4530.393758773813	2.1321628e-16	4.048169e-18
4534.471817970285	2.1369318e-16	4.0585497e-18
4538.549877166757	2.1481736e-16	4.064102e-18
4542.627936363229	2.0190767e-16	3.9910067e-18
4546.7059955597015	1.9033317e-16	3.960393e-18
4550.784054756174	2.0076961e-16	3.974702e-18
4554.862113952646	1.5580889e-16	3.9819755e-18
4558.940173149118	1.8558892e-16	3.964646e-18
4563.01823234559	2.210887e-16	4.08733e-18
4567.096291542062	2.094556e-16	4.0356616e-18
4571.1743507385345	2.0342297e-16	3.9897018e-18
4575.252409935007	2.1051856e-16	4.012296e-18
4579.330469131479	2.0259081e-16	3.9610094e-18
4583.408528327951	2.0286305e-16	3.9486157e-18
4587.486587524423	2.0641879e-16	3.9820727e-18
4591.564646720895	2.03124e-16	3.966622e-18
4595.6427059173675	1.9721541e-16	3.9310956e-18
4599.72076511384	2.0756451e-16	3.977826e-18
4603.798824310312	2.04395e-16	3.9392152e-18
4607.876883506784	1.9836065e-16	3.9079813e-18
4611.954942703256	2.0737556e-16	3.9911047e-18
4616.033001899728	2.0935628e-16	3.9915605e-18
4620.1110610962005	2.0656419e-16	3.9736776e-18
4624.189120292673	2.078367e-16	3.9716105e-18
4628.267179489145	2.0530348e-16	3.9637837e-18
4632.345238685617	1.9981457e-16	3.9151612e-18
4636.423297882089	2.0911797e-16	3.9677025e-18
4640.501357078561	1.9548725e-16	3.8876827e-18
4644.5794162750335	2.0763e-16	3.959301e-18
4648.657475471506	2.0436596e-16	3.943845e-18
4652.735534667978	2.048204e-16	3.951587e-18
4656.81359386445	2.0162575e-16	3.9472964e-18
4660.891653060922	2.0766876e-16	3.9777834e-18
4664.969712257394	2.0835976e-16	3.990689e-18
4669.0477714538665	2.1249e-16	4.0075193e-18
4673.125830650339	2.1006585e-16	3.9813125e-18
4677.203889846811	2.0670979e-16	3.962565e-18
4681.281949043283	2.1149027e-16	4.0003612e-18
4685.360008239755	2.0667142e-16	3.9734613e-18
4689.438067436227	2.1207757e-16	3.9938013e-18
4693.5161266326995	2.1322352e-16	3.9990018e-18
4697.594185829172	2.1061268e-16	3.978257e-18
4701.672245025644	2.1214794e-16	3.986947e-18
4705.750304222116	2.0762053e-16	3.9566985e-18
4709.828363418588	2.0741039e-16	3.9512056e-18
4713.90642261506	2.1482548e-16	3.99679e-18
4717.9844818115325	2.1486988e-16	4.0129497e-18
4722.062541008005	2.1187362e-16	3.9948928e-18
4726.140600204477	2.1364993e-16	4.004776e-18
4730.218659400949	2.1524245e-16	4.0121126e-18
4734.296718597421	2.1035969e-16	3.9785303e-18
4738.374777793893	2.1478618e-16	3.992063e-18
4742.4528369903655	2.2179547e-16	4.0330283e-18
4746.530896186838	2.216552e-16	4.0456543e-18
4750.60895538331	2.2420872e-16	4.067966e-18
4754.687014579782	2.2294069e-16	4.0500293e-18
4758.765073776254	2.247973e-16	4.060163e-18
4762.843132972726	2.2605118e-16	4.0589004e-18
4766.921192169199	2.2178377e-16	4.0414047e-18
4770.999251365671	2.2866554e-16	3.916126e-18
4775.077310562143	2.240498e-16	3.8902528e-18
4779.155369758615	2.1956396e-16	3.8625017e-18
4783.233428955087	2.2323132e-16	3.8737278e-18
4787.311488151559	2.196053e-16	3.8628193e-18
4791.389547348032	2.1773327e-16	3.84845e-18
4795.467606544504	2.222558e-16	3.876659e-18
4799.545665740976	2.2098163e-16	3.8640295e-18
4803.623724937448	2.15718e-16	3.8390474e-18
4807.70178413392	2.2154087e-16	3.881209e-18
4811.779843330392	2.2091538e-16	3.8757357e-18
4815.857902526865	2.2232913e-16	3.887001e-18
4819.935961723337	2.2367228e-16	3.914849e-18
4824.014020919809	2.2225875e-16	3.8975166e-18
4828.092080116281	2.1969336e-16	3.8795714e-18
4832.170139312753	2.1937365e-16	3.8841064e-18
4836.248198509225	2.2092563e-16	3.881558e-18
4840.326257705698	2.1958855e-16	3.878504e-18
4844.40431690217	2.1684149e-16	3.854378e-18
4848.482376098642	2.1257373e-16	4.0197847e-18
4852.560435295114	2.2067166e-16	4.0609667e-18
4856.638494491586	2.2437927e-16	4.06126e-18
4860.716553688058	2.2039808e-16	4.0327685e-18
4864.794612884531	2.1227134e-16	3.974358e-18
4868.872672081003	2.183021e-16	4.013806e-18
4872.950731277475	2.202538e-16	4.0377457e-18
4877.028790473948	2.2000082e-16	4.0499007e-18
4881.10684967042	2.201914e-16	4.0454087e-18
4885.184908866892	2.1508661e-16	4.0125555e-18
4889.2629680633645	2.1893008e-16	4.0375885e-18
4893.341027259837	2.1845416e-16	4.0330667e-18
4897.419086456309	2.1973243e-16	4.0577407e-18
4901.497145652781	2.153358e-16	4.028919e-18
4905.575204849253	2.1947742e-16	4.048823e-18
4909.653264045725	2.1809809e-16	4.040087e-18
4913.7313232421975	2.1428304e-16	4.0035906e-18
4917.80938243867	2.2524904e-16	4.061984e-18
4921.887441635142	2.1897002e-16	4.027007e-18
4925.965500831614	2.1648423e-16	4.017996e-18
4930.043560028086	2.2154426e-16	4.053832e-18
4934.121619224558	2.2272048e-16	4.060857e-18
4938.1996784210305	2.1177992e-16	4.0028374e-18
4942.277737617503	2.137384e-16	4.0062173e-18
4946.355796813975	2.1658332e-16	4.0237812e-18
4950.433856010447	2.124298e-16	3.999655e-18
4954.511915206919	2.1231887e-16	4.000624e-18
4958.589974403391	2.1767429e-16	4.0411814e-18
4962.6680335998635	2.0746903e-16	3.965546e-18
4966.746092796336	2.0956175e-16	3.9959606e-18
4970.824151992808	2.0801573e-16	3.9733852e-18
4974.90221118928	2.1452662e-16	4.0134754e-18
4978.980270385752	2.1556418e-16	4.020543e-18
4983.058329582224	2.1559407e-16	4.0225086e-18
4987.1363887786965	2.1713385e-16	4.0249955e-18
4991.214447975169	2.102996e-16	3.9955545e-18
4995.292507171641	2.064735e-16	3.9706746e-18
4999.370566368113	2.1118551e-16	3.977606e-18
5003.448625564585	2.0733023e-16	3.9608886e-18
5007.526684761057	2.0696304e-16	3.9468915e-18
5011.6047439575295	2.1194748e-16	3.9713516e-18
5015.682803154002	2.0751679e-16	3.951492e-18
5019.760862350474	2.1286499e-16	3.975532e-18
5023.838921546946	2.0816966e-16	3.9479197e-18
5027.916980743418	2.1360157e-16	3.9846295e-18
5031.99503993989	2.0038219e-16	3.880027e-18
5036.0730991363625	2.0667903e-16	3.9262827e-18
5040.151158332835	2.0200156e-16	3.8971457e-18
5044.229217529307	2.0130285e-16	3.904594e-18
5048.307276725779	2.1056867e-16	3.9559603e-18
5052.385335922251	2.0719915e-16	3.9588616e-18
5056.463395118723	2.0698828e-16	3.9434305e-18
5060.541454315196	2.1778549e-16	4.021064e-18
5064.619513511668	2.0677426e-16	3.9554875e-18
5068.69757270814	2.0959063e-16	3.96744e-18
5072.775631904612	2.0814261e-16	3.970168e-18
5076.853691101084	2.0757184e-16	3.9586684e-18
5080.931750297556	2.0933129e-16	3.986919e-18
5085.009809494029	2.1193558e-16	3.9982685e-18
5089.087868690501	2.136201e-16	4.015932e-18
5093.165927886973	2.105775e-16	3.9892307e-18
5097.243987083445	2.1674991e-16	4.0410366e-18
5101.322046279918	2.14022e-16	4.019172e-18
5105.40010547639	2.114699e-16	3.9940676e-18
5109.4781646728625	2.084952e-16	3.9990216e-18
5113.556223869335	2.101288e-16	4.0133252e-18
5117.634283065807	2.1106744e-16	4.0083762e-18
5121.712342262279	2.0657191e-16	3.982311e-18
5125.790401458751	2.1018287e-16	4.017171e-18
5129.868460655223	2.1099269e-16	4.0202446e-18
5133.9465198516955	2.1291513e-16	4.0280337e-18
5138.024579048168	2.1319089e-16	4.0412153e-18
5142.10263824464	2.0364252e-16	3.9698676e-18
5146.180697441112	2.0180125e-16	3.9464427e-18
5150.258756637584	2.0262757e-16	3.973992e-18
5154.336815834056	2.0154694e-16	3.9557324e-18
5158.4148750305285	2.0208216e-16	3.956497e-18
5162.492934227001	1.9840058e-16	3.9271826e-18
5166.570993423473	1.9359256e-16	3.8789866e-18
5170.649052619945	1.9506289e-16	3.8915804e-18
5174.727111816417	1.9094239e-16	3.8743514e-18
5178.805171012889	1.999327e-16	3.935392e-18
5182.8832302093615	1.9076462e-16	3.885866e-18
5186.961289405834	1.9241247e-16	3.900271e-18
5191.039348602306	1.9305944e-16	3.9346695e-18
5195.117407798778	1.9677555e-16	4.009943e-18
5199.19546699525	1.908682e-16	4.0306753e-18
5203.273526191722	1.854944e-16	4.3209814e-18
5207.3515853881945	1.9015813e-16	3.769948e-18
5211.429644584667	1.9696256e-16	3.7879764e-18
5215.507703781139	1.9279639e-16	3.7401455e-18
5219.585762977611	1.883692e-16	3.7234295e-18
5223.663822174083	1.8249384e-16	3.6998598e-18
5227.741881370555	1.8651749e-16	3.724414e-18
5231.8199405670275	1.929897e-16	3.7567437e-18
5235.8979997635	1.9702906e-16	3.796145e-18
5239.976058959972	1.9885083e-16	3.8097267e-18
5244.054118156444	1.9664922e-16	3.775475e-18
5248.132177352916	1.8361675e-16	3.7022768e-18
5252.210236549388	1.83514e-16	3.684631e-18
5256.2882957458605	1.7916686e-16	3.656181e-18
5260.366354942333	1.8203177e-16	3.678491e-18
5264.444414138805	1.8070574e-16	3.655866e-18
5268.522473335277	1.7663829e-16	3.6231938e-18
5272.600532531749	1.8247577e-16	3.662347e-18
5276.678591728221	1.8601827e-16	3.694315e-18
5280.7566509246935	1.9325726e-16	3.7575796e-18
5284.834710121166	2.0291148e-16	3.835402e-18
5288.912769317638	2.1872778e-16	3.93051e-18
5292.99082851411	2.3264083e-16	4.0191593e-18
5297.068887710582	2.1145775e-16	3.887783e-18
5301.146946907054	1.8115682e-16	3.848665e-18
5305.2250061035265	1.735257e-16	3.808569e-18
5309.303065299999	1.8046688e-16	3.8473676e-18
5313.381124496471	1.7697949e-16	3.8390825e-18
5317.459183692943	1.8108605e-16	3.8545037e-18
5321.537242889415	1.8714551e-16	3.876585e-18
5325.615302085887	1.7856271e-16	3.828473e-18
5329.69336128236	1.7371027e-16	3.7866728e-18
5333.771420478832	1.7932331e-16	3.829625e-18
5337.849479675304	1.7893694e-16	3.8274995e-18
5341.927538871776	1.7626602e-16	3.8112814e-18
5346.005598068248	1.8416257e-16	3.878019e-18
5350.08365726472	1.8009963e-16	3.8720457e-18
5354.161716461193	1.7423241e-16	3.8144454e-18
5358.239775657665	1.8525657e-16	3.894779e-18
5362.317834854137	1.7768258e-16	3.8271893e-18
5366.395894050609	1.7511104e-16	3.8001608e-18
5370.473953247081	1.712448e-16	3.788139e-18
5374.552012443553	1.6973308e-16	3.7764124e-18
5378.630071640026	1.6342503e-16	3.730175e-18
5382.708130836498	1.7386639e-16	3.7914725e-18
5386.78619003297	1.7478078e-16	3.7912843e-18
5390.864249229442	1.6792423e-16	3.7511954e-18
5394.942308425914	1.676009e-16	3.752702e-18
5399.020367622386	1.683704e-16	3.7436184e-18
5403.098426818859	1.7163914e-16	3.7746456e-18
5407.176486015331	1.6403759e-16	3.712503e-18
5411.254545211803	1.6342498e-16	3.7108216e-18
5415.332604408275	1.6411693e-16	3.7072548e-18
5419.410663604747	1.6297707e-16	3.713372e-18
5423.488722801219	1.7245984e-16	3.7939904e-18
5427.566781997692	1.7025708e-16	3.7707512e-18
5431.644841194164	1.6852038e-16	3.7330707e-18
5435.722900390636	1.577446e-16	3.6701756e-18
5439.800959587108	1.6398886e-16	3.7286142e-18
5443.87901878358	1.665417e-16	3.7492474e-18
5447.957077980052	1.6920006e-16	3.771362e-18
5452.035137176525	1.5773503e-16	3.6949906e-18
5456.113196372997	1.5946843e-16	3.6994292e-18
5460.191255569469	1.5874921e-16	3.6978675e-18
5464.269314765941	1.5774354e-16	3.6845433e-18
5468.347373962413	1.593124e-16	3.695501e-18
5472.425433158885	1.5961723e-16	3.702352e-18
5476.503492355358	1.5865147e-16	3.693504e-18
5480.58155155183	1.5282245e-16	3.666669e-18
5484.659610748302	1.6278299e-16	3.725034e-18
5488.737669944774	1.6486178e-16	3.7451553e-18
5492.815729141246	1.5562802e-16	3.6959546e-18
5496.893788337718	1.5866844e-16	3.719301e-18
5500.971847534191	1.5990377e-16	3.7264334e-18
5505.049906730663	1.5907803e-16	3.7136604e-18
5509.127965927135	1.6309932e-16	3.7503393e-18
5513.206025123608	1.6674177e-16	3.775096e-18
5517.28408432008	1.636584e-16	3.7671683e-18
5521.362143516552	1.660085e-16	3.768729e-18
5525.4402027130245	1.5381128e-16	3.7036706e-18
5529.518261909497	1.6374492e-16	3.767822e-18
5533.596321105969	1.5950672e-16	3.7324585e-18
5537.674380302441	1.6472553e-16	3.785205e-18
5541.752439498913	1.6239403e-16	3.777371e-18
5545.830498695385	1.5949731e-16	3.7418834e-18
5549.9085578918575	1.5296167e-16	3.7257294e-18
5553.98661708833	1.5590626e-16	3.7203813e-18
5558.064676284802	1.5696066e-16	3.741786e-18
5562.142735481274	1.5453391e-16	3.7064594e-18
5566.220794677746	1.572835e-16	4.054312e-18
5570.298853874218	1.6164666e-16	4.759085e-18
5574.3769130706905	1.6544781e-16	5.0680297e-18
5578.454972267163	1.6067433e-16	5.0382967e-18
5582.533031463635	1.4773618e-16	4.680237e-18
5586.611090660107	1.5187499e-16	3.96564e-18
5590.689149856579	1.568953e-16	3.7478904e-18
5594.767209053051	1.6337796e-16	3.8065905e-18
5598.8452682495235	1.5663635e-16	3.7515416e-18
5602.923327445996	1.5938733e-16	3.77054e-18
5607.001386642468	1.6306642e-16	3.803603e-18
5611.07944583894	1.6098135e-16	3.7857302e-18
5615.157505035412	1.5215042e-16	3.7138217e-18
5619.235564231884	1.6553978e-16	3.80875e-18
5623.313623428357	1.614335e-16	3.8039385e-18
5627.391682624829	1.5391188e-16	3.7446102e-18
5631.469741821301	1.5467176e-16	3.747954e-18
5635.547801017773	1.5829664e-16	3.7736823e-18
5639.625860214245	1.5419179e-16	3.74295e-18
5643.703919410717	1.5517978e-16	3.7463374e-18
5647.78197860719	1.5676874e-16	3.757891e-18
5651.860037803662	1.5737417e-16	3.7523535e-18
5655.938097000134	1.5528254e-16	3.7436424e-18
5660.016156196607	1.5570582e-16	3.7647314e-18
5664.094215393079	1.5744455e-16	3.781235e-18
5668.172274589551	1.5366489e-16	3.7529755e-18
5672.2503337860235	1.5795992e-16	3.797843e-18
5676.328392982496	1.6134634e-16	3.823588e-18
5680.406452178968	1.53582e-16	3.7683023e-18
5684.48451137544	1.5353964e-16	3.76543e-18
5688.562570571912	1.6032391e-16	3.8310973e-18
5692.640629768384	1.5779812e-16	3.8084942e-18
5696.7186889648565	1.4980741e-16	3.7386033e-18
5700.796748161329	1.4828498e-16	3.717212e-18
5704.874807357801	1.4887785e-16	3.7181748e-18
5708.952866554273	1.429369e-16	3.661632e-18
5713.030925750745	1.4847893e-16	3.710552e-18
5717.108984947217	1.4807412e-16	3.70812e-18
5721.1870441436895	1.4737496e-16	3.7172517e-18
5725.265103340162	1.4843358e-16	3.718902e-18
5729.343162536634	1.4929103e-16	3.7169547e-18
5733.421221733106	1.4995313e-16	3.743387e-18
5737.499280929578	1.4779505e-16	3.7381165e-18
5741.57734012605	1.4771933e-16	3.72944e-18
5745.6553993225225	1.4839453e-16	3.737379e-18
5749.733458518995	1.5372475e-16	3.762617e-18
5753.811517715467	1.5349838e-16	3.759457e-18
5757.889576911939	1.4715092e-16	3.7400632e-18
5761.967636108411	1.4614096e-16	3.723497e-18
5766.045695304883	1.454724e-16	3.723143e-18
5770.1237545013555	1.4298938e-16	3.545771e-18
5774.201813697828	1.4333689e-16	3.5507476e-18
5778.2798728943	1.4932564e-16	3.5801063e-18
5782.357932090772	1.4485038e-16	3.5559212e-18
5786.435991287244	1.4540837e-16	3.561694e-18
5790.514050483716	1.4339368e-16	3.561224e-18
5794.5921096801885	1.3233114e-16	3.5387816e-18
5798.670168876661	1.409645e-16	3.5925153e-18
5802.748228073133	1.401487e-16	3.6044085e-18
5806.826287269605	1.3073427e-16	3.5519826e-18
5810.904346466077	1.4838201e-16	3.583537e-18
5814.982405662549	1.4975566e-16	3.6241037e-18
5819.0604648590215	1.4540398e-16	3.6043733e-18
5823.138524055494	1.5016473e-16	3.6161123e-18
5827.216583251966	1.4958537e-16	3.6193267e-18
5831.294642448438	1.4568296e-16	3.6024965e-18
5835.37270164491	1.416161e-16	3.587985e-18
5839.450760841382	1.4585632e-16	3.6201973e-18
5843.5288200378545	1.468527e-16	3.618534e-18
5847.606879234327	1.4956589e-16	3.6442658e-18
5851.684938430799	1.5094765e-16	3.65147e-18
5855.762997627271	1.4862695e-16	3.645398e-18
5859.841056823743	1.468886e-16	3.6581024e-18
5863.919116020215	1.4529277e-16	3.6605033e-18
5867.9971752166875	1.4841329e-16	3.699413e-18
5872.07523441316	1.4994085e-16	3.704207e-18
5876.153293609632	1.4703809e-16	3.6571847e-18
5880.231352806104	1.444331e-16	3.6761424e-18
5884.309412002576	1.444809e-16	3.748089e-18
5888.387471199048	1.4133811e-16	3.773186e-18
5892.465530395521	1.4128289e-16	3.7730533e-18
5896.543589591993	1.4044234e-16	3.7186574e-18
5900.621648788465	1.5435806e-16	4.2626127e-18
5904.699707984937	1.5330313e-16	5.4093865e-18
5908.777767181409	1.5137195e-16	4.766343e-18
5912.855826377881	1.373657e-16	3.7317033e-18
5916.933885574354	1.4715443e-16	3.8239203e-18
5921.011944770826	1.3958595e-16	3.7486183e-18
5925.090003967298	1.4812422e-16	3.840164e-18
5929.16806316377	1.4181622e-16	3.8098103e-18
5933.246122360242	1.4275765e-16	3.801005e-18
5937.324181556714	1.4179039e-16	3.7719618e-18
5941.402240753187	1.3863039e-16	3.739717e-18
5945.480299949659	1.4690123e-16	3.805349e-18
5949.558359146131	1.4068827e-16	3.770146e-18
5953.636418342603	1.430625e-16	3.7883487e-18
5957.714477539075	1.4490259e-16	3.799899e-18
5961.792536735547	1.3991436e-16	3.735169e-18
5965.87059593202	1.4376042e-16	3.75374e-18
5969.948655128492	1.4567438e-16	3.7799147e-18
5974.026714324964	1.3959714e-16	3.7513336e-18
5978.104773521436	1.347325e-16	3.6983634e-18
5982.182832717908	1.3890038e-16	3.708342e-18
5986.26089191438	1.4112693e-16	3.7154927e-18
5990.338951110853	1.4112282e-16	3.7366838e-18
5994.417010307325	1.3894744e-16	3.7195136e-18
5998.495069503797	1.4196097e-16	3.7437057e-18
6002.573128700269	1.4343336e-16	3.7516582e-18
6006.651187896741	1.403441e-16	3.7176677e-18
6010.729247093213	1.4330159e-16	3.747895e-18
6014.807306289686	1.4738114e-16	3.7605463e-18
6018.885365486158	1.4100295e-16	3.7170717e-18
6022.96342468263	1.3581316e-16	3.676124e-18
6027.041483879102	1.4229326e-16	3.7337427e-18
6031.119543075574	1.3807173e-16	3.711232e-18
6035.197602272046	1.4920198e-16	3.7895295e-18
6039.275661468519	1.3936732e-16	3.7283425e-18
6043.353720664991	1.4332697e-16	3.759523e-18
6047.431779861463	1.4856133e-16	3.782567e-18
6051.509839057935	1.4672236e-16	3.7726843e-18
6055.587898254407	1.4156664e-16	3.744476e-18
6059.665957450879	1.396769e-16	3.7236826e-18
6063.744016647352	1.4323939e-16	3.7398895e-18
6067.822075843824	1.4277614e-16	3.725457e-18
6071.900135040296	1.3939075e-16	3.7067804e-18
6075.978194236768	1.4006942e-16	3.7098538e-18
6080.05625343324	1.3769233e-16	3.6757185e-18
6084.134312629712	1.408303e-16	3.707046e-18
6088.212371826185	1.3471515e-16	3.6709833e-18
6092.290431022657	1.3498849e-16	3.6858655e-18
6096.368490219129	1.4489839e-16	3.763325e-18
6100.446549415601	1.450874e-16	3.7387724e-18
6104.524608612073	1.3897975e-16	3.700004e-18
6108.602667808546	1.428662e-16	3.729301e-18
6112.6807270050185	1.365185e-16	3.6795115e-18
6116.758786201491	1.3765975e-16	3.6951055e-18
6120.836845397963	1.3963768e-16	3.7135488e-18
6124.914904594435	1.410332e-16	3.718631e-18
6128.992963790907	1.4528962e-16	3.7664213e-18
6133.071022987379	1.384686e-16	3.739121e-18
6137.1490821838515	1.3628429e-16	3.720593e-18
6141.227141380324	1.4373534e-16	3.7738184e-18
6145.305200576796	1.42253e-16	3.7525466e-18
6149.383259773268	1.3847815e-16	3.7370118e-18
6153.46131896974	1.4582836e-16	3.7937034e-18
6157.539378166212	1.3989604e-16	3.72747e-18
6161.6174373626845	1.4169014e-16	3.7526157e-18
6165.695496559157	1.3888145e-16	3.743584e-18
6169.773555755629	1.4388228e-16	3.787974e-18
6173.851614952101	1.399871e-16	3.7583005e-18
6177.929674148573	1.3381375e-16	3.7107843e-18
6182.007733345045	1.3483162e-16	3.6991707e-18
6186.085792541518	1.3596846e-16	3.7127576e-18
6190.16385173799	1.3774411e-16	3.739596e-18
6194.241910934462	1.3366475e-16	3.7045784e-18
6198.319970130934	1.357151e-16	3.7207324e-18
6202.398029327406	1.4460597e-16	3.791007e-18
6206.476088523878	1.3592376e-16	3.718418e-18
6210.554147720351	1.3902426e-16	3.759542e-18
6214.632206916823	1.3236678e-16	3.7017904e-18
6218.710266113295	1.3119884e-16	3.6729317e-18
6222.788325309767	1.2612155e-16	3.6383986e-18
6226.866384506239	1.2774459e-16	3.6916653e-18
6230.944443702711	1.2755759e-16	3.7237616e-18
6235.022502899184	1.3077485e-16	3.766197e-18
6239.100562095656	1.3799875e-16	3.842103e-18
6243.178621292128	1.3731308e-16	3.803294e-18
6247.2566804886	1.3360047e-16	3.717919e-18
6251.334739685072	1.3303795e-16	3.7542705e-18
6255.412798881544	1.3019505e-16	3.801578e-18
6259.4908580780175	1.2889626e-16	3.7792493e-18
6263.56891727449	1.3438198e-16	3.7834646e-18
6267.646976470962	1.4035697e-16	3.788704e-18
6271.725035667434	1.3675074e-16	3.740023e-18
6275.803094863906	1.331519e-16	3.671461e-18
6279.881154060378	1.3497413e-16	3.711387e-18
6283.9592132568505	1.2917668e-16	3.691439e-18
6288.037272453323	1.3147117e-16	3.743771e-18
6292.115331649795	1.3265534e-16	4.3156457e-18
6296.193390846267	1.4103873e-16	4.830978e-18
6300.271450042739	1.4153674e-16	4.9157834e-18
6304.349509239211	1.2652449e-16	4.797568e-18
6308.4275684356835	1.2569257e-16	4.3633413e-18
6312.505627632156	1.0899465e-16	3.7499666e-18
6316.583686828628	7.5001446e-17	3.72595e-18
6320.6617460251	1.0954229e-16	3.7240904e-18
6324.739805221572	1.2398687e-16	3.7099567e-18
6328.817864418044	1.3353193e-16	3.769126e-18
6332.8959236145165	1.3458648e-16	3.7804114e-18
6336.973982810989	1.2768783e-16	3.695931e-18
6341.052042007461	1.3443697e-16	3.737592e-18
6345.130101203933	1.4045664e-16	3.7909646e-18
6349.208160400405	1.3415718e-16	3.7588315e-18
6353.286219596877	1.3561522e-16	3.86179e-18
6357.3642787933495	1.3735722e-16	4.0715505e-18
6361.442337989822	1.3212831e-16	4.164723e-18
6365.520397186294	1.3352991e-16	4.1518656e-18
6369.598456382766	1.2516941e-16	4.020429e-18
6373.676515579238	1.2575543e-16	3.803744e-18
6377.75457477571	1.403823e-16	3.8230923e-18
6381.8326339721825	1.3258126e-16	3.765562e-18
6385.910693168655	1.3170374e-16	3.7654945e-18
6389.988752365127	1.3483936e-16	3.7774195e-18
6394.066811561599	1.3796823e-16	3.800386e-18
6398.144870758071	1.3557404e-16	3.777537e-18
6402.222929954543	1.3120589e-16	3.731238e-18
6406.3009891510155	1.3449359e-16	3.7541733e-18
6410.379048347488	1.3699818e-16	3.7898086e-18
6414.45710754396	1.3948368e-16	3.8191955e-18
6418.535166740432	1.3758125e-16	3.8099174e-18
6422.613225936904	1.3351443e-16	3.786055e-18
6426.691285133376	1.4369688e-16	3.848542e-18
6430.7693443298485	1.3535719e-16	3.791496e-18
6434.847403526321	1.3537416e-16	3.7989515e-18
6438.925462722793	1.3060331e-16	3.7496205e-18
6443.003521919265	1.329183e-16	3.797722e-18
6447.081581115737	1.3637575e-16	3.7904596e-18
6451.159640312209	1.03021156e-16	3.7875165e-18
6455.2376995086815	1.1504441e-16	3.815219e-18
6459.315758705154	1.3427935e-16	3.8358975e-18
6463.393817901626	1.3100312e-16	3.8640444e-18
6467.471877098098	1.2715944e-16	3.8435634e-18
6471.54993629457	1.2634182e-16	3.8287767e-18
6475.627995491042	1.3280632e-16	3.858113e-18
6479.706054687515	1.2981853e-16	3.8072444e-18
6483.784113883987	1.2694865e-16	3.7555745e-18
6487.862173080459	1.2854475e-16	3.7774208e-18
6491.940232276931	1.2802334e-16	3.80785e-18
6496.018291473403	1.275938e-16	3.8355153e-18
6500.096350669875	1.287612e-16	3.8796003e-18
6504.174409866348	1.3061993e-16	3.9088887e-18
6508.25246906282	1.2772717e-16	3.843293e-18
6512.330528259292	1.1748167e-16	3.7116525e-18
6516.408587455764	1.202466e-16	3.7432243e-18
6520.486646652236	1.2568082e-16	3.7996608e-18
6524.564705848708	1.2562937e-16	3.8108666e-18
6528.642765045181	1.2486624e-16	3.8584745e-18
6532.720824241653	1.239691e-16	3.6989503e-18
6536.798883438125	1.3147117e-16	3.759495e-18
6540.876942634597	1.2770296e-16	3.720263e-18
6544.955001831069	1.2897495e-16	3.7136245e-18
6549.033061027541	1.2813903e-16	3.7397166e-18
6553.111120224014	1.2942943e-16	3.7428918e-18
6557.189179420486	1.253996e-16	3.7612146e-18
6561.267238616958	1.3134698e-16	3.8021e-18
6565.34529781343	1.3093185e-16	3.7587803e-18
6569.423357009902	1.2978337e-16	3.7671373e-18
6573.501416206374	1.2655517e-16	3.7479975e-18
6577.579475402847	1.2444578e-16	3.705859e-18
6581.657534599319	1.2780626e-16	3.722989e-18
6585.735593795791	1.2407336e-16	3.6822197e-18
6589.813652992263	1.2791596e-16	3.687216e-18
6593.891712188735	1.3168355e-16	3.709183e-18
6597.969771385207	1.2623389e-16	3.699801e-18
6602.04783058168	1.2340362e-16	3.7082275e-18
6606.125889778152	1.2857697e-16	3.748611e-18
6610.203948974624	1.2841558e-16	3.730924e-18
6614.282008171096	1.3171767e-16	3.745538e-18
6618.360067367568	1.2712068e-16	3.705566e-18
6622.43812656404	1.3080534e-16	3.725595e-18
6626.516185760513	1.3408517e-16	3.7684603e-18
6630.594244956985	1.2744075e-16	3.726737e-18
6634.672304153457	1.3137144e-16	3.7592158e-18
6638.750363349929	1.3895033e-16	3.812612e-18
6642.828422546401	1.2648672e-16	3.7221262e-18
6646.906481742873	1.2749142e-16	3.7297698e-18
6650.984540939346	1.2950148e-16	3.738647e-18
6655.062600135818	1.3858288e-16	3.8123625e-18
6659.14065933229	1.3296797e-16	3.772013e-18
6663.218718528762	1.3005831e-16	3.7468147e-18
6667.296777725234	1.2759065e-16	3.7417064e-18
6671.374836921706	1.3411386e-16	3.8029984e-18
6675.452896118179	1.358377e-16	3.804047e-18
6679.530955314651	1.2818678e-16	3.7405616e-18
6683.609014511123	1.3037501e-16	3.7500345e-18
6687.687073707595	1.3373179e-16	3.788091e-18
6691.765132904067	1.2884192e-16	3.752797e-18
6695.843192100539	1.2986319e-16	3.7674065e-18
6699.921251297012	1.3258871e-16	3.975794e-18
6703.999310493485	1.2696387e-16	3.907532e-18
6708.077369689957	1.3338696e-16	3.964793e-18
6712.155428886429	1.3141184e-16	3.9594282e-18
6716.233488082901	1.3184894e-16	3.960302e-18
6720.311547279373	1.2905068e-16	3.9489842e-18
6724.3896064758455	1.3335681e-16	3.973569e-18
6728.467665672318	1.3380004e-16	3.9741103e-18
6732.54572486879	1.3248785e-16	3.9690123e-18
6736.623784065262	1.3889303e-16	4.0290326e-18
6740.701843261734	1.3946866e-16	4.03506e-18
6744.779902458206	1.3345863e-16	3.977515e-18
6748.857961654679	1.3448864e-16	3.9887807e-18
6752.936020851151	1.3488329e-16	3.9939097e-18
6757.014080047623	1.364451e-16	4.0020772e-18
6761.092139244095	1.3505905e-16	3.9906733e-18
6765.170198440567	1.3906673e-16	4.0356976e-18
6769.248257637039	1.3207877e-16	3.963713e-18
6773.326316833512	1.4206212e-16	4.0351276e-18
6777.404376029984	1.3376831e-16	3.984682e-18
6781.482435226456	1.3082057e-16	3.973821e-18
6785.560494422928	1.3469681e-16	3.993495e-18
6789.6385536194	1.3397324e-16	3.9852445e-18
6793.716612815872	1.3627242e-16	4.0079866e-18
6797.794672012345	1.3463777e-16	3.9993794e-18
6801.872731208817	1.3569392e-16	4.0176e-18
6805.950790405289	1.3001367e-16	3.970796e-18
6810.028849601761	1.3380628e-16	4.002193e-18
6814.106908798233	1.347513e-16	4.0116535e-18
6818.184967994705	1.2888464e-16	3.962888e-18
6822.263027191178	1.3061735e-16	4.046437e-18
6826.34108638765	1.3482806e-16	4.1723193e-18
6830.419145584122	1.3556748e-16	4.2378018e-18
6834.497204780594	1.3355043e-16	4.247693e-18
6838.575263977066	1.2602326e-16	4.162154e-18
6842.653323173538	1.2820341e-16	4.0623092e-18
6846.731382370011	1.3452583e-16	4.027617e-18
6850.809441566483	1.3287504e-16	3.9993765e-18
6854.887500762956	1.3474834e-16	4.041591e-18
6858.965559959428	1.3475688e-16	4.1079973e-18
6863.0436191559	1.4637472e-16	4.124075e-18
6867.121678352372	1.4335981e-16	3.9978863e-18
6871.1997375488445	1.3472827e-16	3.8173066e-18
6875.277796745317	1.193119e-16	3.5792105e-18
6879.355855941789	1.2228597e-16	3.5725955e-18
6883.433915138261	1.3068443e-16	3.702227e-18
6887.511974334733	1.3217596e-16	3.7313935e-18
6891.590033531205	1.2796201e-16	3.715401e-18
6895.6680927276775	1.2848804e-16	3.7449887e-18
6899.74615192415	1.2922362e-16	3.7595007e-18
6903.824211120622	1.2727677e-16	3.7703393e-18
6907.902270317094	1.3106237e-16	3.8468018e-18
6911.980329513566	1.3004678e-16	3.8842524e-18
6916.058388710038	1.3312624e-16	3.972786e-18
6920.1364479065105	1.3656946e-16	4.065182e-18
6924.214507102983	1.3975287e-16	4.0895925e-18
6928.292566299455	1.4938968e-16	4.1665733e-18
6932.370625495927	1.569231e-16	4.1921617e-18
6936.448684692399	1.6314829e-16	4.2348165e-18
6940.526743888871	1.6502941e-16	4.299686e-18
6944.6048030853435	1.4371031e-16	4.186886e-18
6948.682862281816	1.3286686e-16	4.123606e-18
6952.760921478288	1.4644416e-16	4.2110677e-18
6956.83898067476	1.5359892e-16	4.2474364e-18
6960.917039871232	1.6717749e-16	4.322161e-18
6964.995099067704	1.4793028e-16	4.173852e-18
6969.0731582641765	1.2705023e-16	4.0151603e-18
6973.151217460649	1.2320818e-16	4.0445348e-18
6977.229276657121	1.3395677e-16	4.127144e-18
6981.307335853593	1.2514962e-16	4.0293643e-18
6985.385395050065	1.229608e-16	3.987971e-18
6989.463454246537	1.2403191e-16	3.962381e-18
6993.5415134430095	1.2533147e-16	3.9683556e-18
6997.619572639482	1.2740764e-16	3.9942724e-18
7001.697631835954	1.2375236e-16	3.970452e-18
7005.775691032426	1.2825822e-16	4.000101e-18
7009.853750228898	1.3413612e-16	4.057275e-18
7013.93180942537	1.2338987e-16	3.9796904e-18
7018.0098686218425	1.1883238e-16	3.9428747e-18
7022.087927818315	1.2695628e-16	3.9839504e-18
7026.165987014787	1.2273121e-16	3.9418717e-18
7030.244046211259	1.3225587e-16	4.0249413e-18
7034.322105407731	1.2558289e-16	3.972702e-18
7038.400164604203	1.2534472e-16	4.015314e-18
7042.478223800676	1.239846e-16	4.0168834e-18
7046.556282997148	1.2365115e-16	4.0206805e-18
7050.63434219362	1.289888e-16	4.0790406e-18
7054.712401390092	1.2750664e-16	4.0634114e-18
7058.790460586564	1.2127339e-16	3.9994985e-18
7062.868519783036	1.2325265e-16	4.01068e-18
7066.946578979509	1.2687803e-16	4.048463e-18
7071.024638175981	1.2612796e-16	4.069726e-18
7075.102697372453	1.283475e-16	4.055723e-18
7079.180756568925	1.214671e-16	4.0240914e-18
7083.258815765397	1.3030102e-16	4.0900198e-18
7087.336874961869	1.2386633e-16	4.050284e-18
7091.414934158342	1.3354212e-16	4.130249e-18
7095.492993354814	1.4252188e-16	4.203461e-18
7099.571052551286	1.4601953e-16	4.2172976e-18
7103.649111747758	1.4010646e-16	4.1696417e-18
7107.72717094423	1.3260491e-16	4.135932e-18
7111.805230140702	1.364296e-16	4.159833e-18
7115.883289337175	1.3622348e-16	4.1570756e-18
7119.961348533647	1.3441216e-16	4.1542785e-18
7124.039407730119	1.2322245e-16	4.0751686e-18
7128.117466926591	1.2080081e-16	4.0392834e-18
7132.195526123063	1.2534562e-16	4.091006e-18
7136.273585319535	1.3154186e-16	4.151161e-18
7140.351644516008	1.3567563e-16	4.1742656e-18
7144.42970371248	1.3106097e-16	4.13458e-18
7148.507762908952	1.2475785e-16	4.088611e-18
7152.585822105424	1.2513992e-16	4.0886797e-18
7156.663881301896	1.2744643e-16	4.108613e-18
7160.741940498368	1.348709e-16	4.1546524e-18
7164.819999694841	1.3321226e-16	4.115196e-18
7168.898058891313	1.2922577e-16	4.052712e-18
7172.976118087785	1.3146359e-16	4.0473476e-18
7177.054177284257	1.2215603e-16	3.950331e-18
7181.132236480729	1.4365278e-16	4.1158646e-18
7185.210295677201	1.2651146e-16	3.9531325e-18
7189.288354873674	1.2270923e-16	3.899315e-18
7193.366414070146	1.2681289e-16	3.9352208e-18
7197.444473266618	1.2416713e-16	3.9275057e-18
7201.52253246309	1.2478442e-16	3.945882e-18
7205.600591659562	1.2539392e-16	3.9547484e-18
7209.678650856034	1.2474699e-16	3.989561e-18
7213.756710052507	1.2883989e-16	4.0485015e-18
7217.834769248979	1.2959961e-16	4.09137e-18
7221.912828445451	1.3091404e-16	4.1239305e-18
7225.990887641923	1.3149755e-16	4.1109172e-18
7230.068946838395	1.2819887e-16	4.1237278e-18
7234.147006034867	1.1956215e-16	4.2805087e-18
7238.22506523134	1.2254841e-16	4.484241e-18
7242.303124427812	1.3639028e-16	4.6737996e-18
7246.381183624284	1.2851519e-16	4.5535205e-18
7250.459242820756	1.2355798e-16	4.3781384e-18
7254.537302017228	1.1306892e-16	4.0922015e-18
7258.6153612137	1.1841509e-16	4.0241596e-18
7262.693420410173	1.2617633e-16	4.104503e-18
7266.771479606645	1.2393925e-16	4.2104296e-18
7270.849538803117	1.1386595e-16	4.3082805e-18
7274.927597999589	1.1128685e-16	4.4140033e-18
7279.005657196061	1.2588691e-16	4.592275e-18
7283.0837163925335	1.2681843e-16	4.4988687e-18
7287.161775589006	1.2649057e-16	4.2949186e-18
7291.239834785478	1.2445103e-16	4.180047e-18
7295.31789398195	1.1484347e-16	4.071258e-18
7299.395953178422	1.178979e-16	4.09352e-18
7303.474012374895	1.2310029e-16	4.1855252e-18
7307.552071571367	1.246298e-16	4.3033104e-18
7311.63013076784	1.1546863e-16	4.310954e-18
7315.708189964312	1.1008326e-16	4.150275e-18
7319.786249160784	1.168947e-16	4.232275e-18
7323.864308357256	1.2714403e-16	4.22715e-18
7327.942367553728	1.1882776e-16	4.1140953e-18
7332.0204267502	1.1114936e-16	4.178626e-18
7336.098485946673	1.2506199e-16	4.3628984e-18
7340.176545143145	1.2625009e-16	4.3721434e-18
7344.254604339617	1.1772151e-16	4.295853e-18
7348.332663536089	1.1168406e-16	4.108064e-18
7352.410722732561	1.1025814e-16	4.007359e-18
7356.488781929033	1.1601113e-16	4.0702634e-18
7360.566841125506	1.3007587e-16	4.2803797e-18
7364.644900321978	1.2206109e-16	4.2754236e-18
7368.72295951845	1.0541945e-16	4.158e-18
7372.801018714922	1.0599149e-16	4.119863e-18
7376.879077911394	1.138831e-16	4.0730245e-18
7380.957137107866	1.2156025e-16	4.040908e-18
7385.035196304339	1.2466692e-16	4.0665853e-18
7389.113255500811	1.211347e-16	4.080273e-18
7393.191314697283	1.196974e-16	4.1567914e-18
7397.269373893755	1.2319927e-16	4.247517e-18
7401.347433090227	1.2496059e-16	4.2525587e-18
7405.425492286699	1.1143714e-16	4.1030834e-18
7409.503551483172	1.1024853e-16	4.024306e-18
7413.581610679644	1.1180114e-16	4.0066114e-18
7417.659669876116	9.039847e-17	4.055618e-18
7421.737729072588	7.635223e-17	4.0455613e-18
7425.81578826906	9.819215e-17	4.05703e-18
7429.893847465532	1.1844955e-16	4.1661895e-18
7433.971906662005	1.1736555e-16	4.2077768e-18
7438.049965858477	1.1369363e-16	4.1659243e-18
7442.128025054949	1.1073885e-16	4.1322353e-18
7446.206084251422	1.0827662e-16	4.080414e-18
7450.284143447894	1.1466638e-16	4.1047452e-18
7454.362202644366	1.1580353e-16	4.3412825e-18
7458.4402618408385	1.1293136e-16	4.3488723e-18
7462.518321037311	1.1244484e-16	4.4235882e-18
7466.596380233783	1.247783e-16	4.599952e-18
