# SIMPLE = True
# BITPIX = 8
# NAXIS = 0
# EXTEND = True
# VERSPYT = 3.8.6
# VERSNPY = 1.19.4
# VERSSCI = 1.5.3
# VERSAST = 4.1
# VERSSKL = 0.23.2
# VERSPYP = 1.2.0
# DATE = 2021-02-12
# RA = 335.572596179636
# DEC = -7.26700375044262
# TARGET = AT2020zso
# DISPNAME = Grism_4
# DECKER = Slit_1.0
# BINNING = 1,1
# MJD = 59200.81422077546
# AIRMASS = 1.36305613110135
# EXPTIME = 900.0
# FILENAME = ALDl170107.fits
# INSTRUME = ALFOSC_FASU
# PYPELINE = MultiSlit
# PYP_SPEC = not_alfosc
# TELESCOP = NOT
# LON-OBS = 17.88432979
# LAT-OBS = 28.7543303
# ALT-OBS = 2465.5
# CHECKSUM = WJAoaJ4oYJAoaJ3o
# DATASUM = 0
4002.0318622050745 3.880696189202822e-14 1.6860378049275836e-15
4006.631352428311 3.787010528028838e-14 1.1756251649929338e-15
4011.222137449118 4.0269182141788916e-14 1.6618176397770187e-15
4014.2881077166985 4.152925191016356e-14 1.6702030233022022e-15
4017.3552984969674 3.983671525361883e-14 1.640409844703718e-15
4020.4238367005564 3.766256810692523e-14 1.6042910521834712e-15
4023.493657807882 4.3710623608827005e-14 1.6895794632519038e-15
4026.5649284589344 4.246998334752468e-14 1.638641506526719e-15
4031.1792780865117 3.904748483292848e-14 1.11567997057414e-15
4035.785455481341 4.003322237038555e-14 1.5698030919048252e-15
4038.8615668160655 4.106582700539972e-14 1.5769021298857627e-15
4041.9389080921596 3.666134830032887e-14 1.5121376597200735e-15
4045.0175218868626 3.663340745403646e-14 1.4974164591074004e-15
4048.0973717971374 3.839644904187743e-14 1.505728016612326e-15
4051.178503107937 3.3593521756031375e-14 1.454286071626022e-15
4055.807913528827 3.569872219141984e-14 1.0260055142545985e-15
4060.4293754375253 3.581438982799035e-14 1.4318553555105145e-15
4063.5154790706215 3.954477276927673e-14 1.4673812130229875e-15
4066.6028589749517 3.8136828327081256e-14 1.4471919339608114e-15
4069.6914594724117 3.850809119314554e-14 1.4463648110943215e-15
4072.781488568952 3.798507525158899e-14 1.4296565050054298e-15
4075.8723414261485 3.464700654653892e-14 1.3834565924035129e-15
4080.5165704929027 3.713228765453465e-14 9.877866817808218e-16
4085.1529750183518 3.7617649038794875e-14 1.3967665527247438e-15
4088.249005189073 3.9843643970482545e-14 1.4061897183518102e-15
4091.3462119534406 3.581889781010702e-14 1.353663828705762e-15
4094.4447090964313 3.495955475235703e-14 1.3310092238616223e-15
4097.544345095805 3.503656873641259e-14 1.3239131662173347e-15
4100.645262007033 3.662264712346843e-14 1.3363947721364295e-15
4103.747398813894 3.7223120821616945e-14 1.3254623055099745e-15
4108.408081741213 3.351289025074165e-14 9.059975246047509e-16
4113.061073927552 3.3640428238086597e-14 1.2757046832824675e-15
4116.168078753182 3.605280584365615e-14 1.2792851483079176e-15
4119.276282972288 3.732837125098201e-14 1.296735263766083e-15
4122.385753169172 3.2974074260798276e-14 1.235488242516195e-15
4125.496320901826 3.643210159189242e-14 1.268437085006665e-15
4128.60812348381 3.279987008027956e-14 1.2174771745351986e-15
4133.283369126528 3.410293335029442e-14 8.674475419482927e-16
4137.950830009435 3.4004607296771824e-14 1.2210170368877741e-15
4141.067454592409 3.34752868497392e-14 1.20174892272637e-15
4144.185291191351 3.489710715244997e-14 1.220919249990429e-15
4147.304285197286 3.0578648622624194e-14 1.1522513375279725e-15
4150.424867988048 3.231402998490659e-14 1.1637885977844263e-15
4153.545936015818 3.108208507756683e-14 1.1409979861791928e-15
4156.6685444153645 3.306003621495926e-14 1.1611382462207797e-15
4161.35997764678 3.229598400072342e-14 8.074174711331224e-16
4166.0434550636555 3.344009164373327e-14 1.152885238830494e-15
4169.170812882956 3.206628458551378e-14 1.1300305510680167e-15
4172.299327561453 3.1814605258125e-14 1.1141775684596368e-15
4175.4290424883 3.3596843746276354e-14 1.1232334693632239e-15
4178.559919041435 3.3306424760989e-14 1.1149592684835755e-15
4181.6919784317015 3.3143276739921024e-14 1.0994503295591507e-15
4184.825098160594 3.235635310439001e-14 1.097454500645489e-15
4189.532531807487 3.0108324825526866e-14 7.458099811724508e-16
4194.231875055376 2.658890482203315e-14 1.0044839148094938e-15
4197.369786064209 2.7869329611048053e-14 1.0140560440115587e-15
4200.5088649348045 3.0152764771125315e-14 1.0356306726729194e-15
4203.649183473947 2.8797568466327775e-14 1.0054745171756631e-15
4206.790492902555 3.0307473830409855e-14 1.0259747719684613e-15
4209.933041227861 3.030680313808066e-14 1.0259580038247948e-15
4213.076740148387 3.053548531922798e-14 1.028145593462251e-15
4217.799630831488 3.096520495176762e-14 7.22359697411868e-16
4222.5147963192285 2.987714182416374e-14 9.956779696402288e-16
4225.663102675539 2.7376772328806903e-14 9.671619893402496e-16
4228.812641375529 2.9113377481597064e-14 9.807577161390453e-16
4231.963218306817 3.1812029103425534e-14 1.0043001295365982e-15
4235.114973029083 3.0573149784899275e-14 9.832747628081281e-16
4238.267874263912 3.0458040700377403e-14 9.827397670091572e-16
4241.42158852223 3.201934098402657e-14 1.0003365678609634e-15
4244.577097535157 2.882624839471496e-14 9.576978330174976e-16
4249.316744199126 3.191483587176436e-14 6.984273131213475e-16
4254.049482151157 3.057918612121322e-14 9.667654096190533e-16
4257.209216228846 3.1404411364531556e-14 9.688264405675585e-16
4260.370072710157 3.0139077361820085e-14 9.50905963799372e-16
4263.532008136687 3.094651848413595e-14 9.496874658970158e-16
4266.695220380873 3.190077216830066e-14 9.54999846830705e-16
4269.859453048236 3.0843853084721804e-14 9.343061116358087e-16
4273.02478238944 3.090833215383236e-14 9.412877026677856e-16
4276.191220376797 3.0563558395054436e-14 9.308413159913202e-16
4280.947142810673 3.1726754237368876e-14 6.627718812349629e-16
4285.697449425158 3.11374507586841e-14 9.210137643715237e-16
4288.868412370179 3.058344723232886e-14 9.116128268625626e-16
4292.040378275859 2.863099598685763e-14 8.792791502295825e-16
4295.213652531571 2.953792947991665e-14 8.898409820606771e-16
4298.387942653558 2.876219562390502e-14 8.796374408622942e-16
4301.56338851389 3.0877071600368045e-14 8.873913200388571e-16
4304.739894915711 3.0675589880804014e-14 8.763910609396168e-16
4307.917503232684 3.0634346693281386e-14 8.67202122545175e-16
4312.68924598238 2.888226397115739e-14 6.055478517854097e-16
4317.4569293509885 2.9221452721059135e-14 8.579960894773456e-16
4320.638935537265 2.9032793192263874e-14 8.598714573669314e-16
4323.822059640346 2.9582693140863705e-14 8.601155312108698e-16
4327.006264019012 3.046982632776471e-14 8.697689394038288e-16
4330.191545232569 2.7994738013982577e-14 8.386742272509806e-16
4333.37749413413 2.6362579639949157e-14 8.182285116393632e-16
4336.565408860401 2.7555662931841588e-14 8.293391011349556e-16
4339.753971233937 2.684891267691539e-14 8.172091044025765e-16
4342.943644100936 2.876761868211397e-14 8.271398479868403e-16
4347.732665604397 2.798345183475459e-14 5.779171993402176e-16
4352.519087772123 2.90065542327045e-14 8.316642230743255e-16
4355.713058390004 2.9421595787751034e-14 8.357929179582308e-16
4358.908235443001 2.8110515022877687e-14 8.191810680752736e-16
4362.104232614169 2.7743843826808323e-14 8.116735614942771e-16
4365.301439675242 2.7720141872792245e-14 8.124790576888397e-16
4368.499778266531 2.8539861654021085e-14 8.062205733215567e-16
4371.698867862186 2.802168896168793e-14 8.037347430350436e-16
4374.899414444523 2.562445385987119e-14 7.718064487691425e-16
4378.100991385802 2.8604711662926996e-14 7.974641514061351e-16
4382.907388187905 2.7284310828518298e-14 5.511922939281653e-16
4387.711818302018 2.643939680578669e-14 7.6460712869573755e-16
4390.917567540366 2.729665122438474e-14 7.711652549769897e-16
4394.12433378733 2.5319117697748172e-14 7.544652551459432e-16
4397.332189322383 2.6578951158715203e-14 7.650655866095491e-16
4400.5410826132675 2.5235308393155503e-14 7.509533364155223e-16
4403.751068332727 2.786644181853956e-14 7.705611048079659e-16
4406.96206855199 2.6534268377107427e-14 7.578693614929426e-16
4410.1741123731135 2.494126288018616e-14 7.373744395811144e-16
4413.387237944291 2.6028278336390682e-14 7.452282325888381e-16
4418.210743403896 2.5963854879692156e-14 5.27538097633542e-16
4423.032805344744 2.358050917617265e-14 7.20896542733802e-16
4426.25021565876 2.4988471165314518e-14 7.2744277743152e-16
4429.468440970768 2.48437328119546e-14 7.24080221613329e-16
4432.687811256978 2.5477388309337168e-14 7.300399398755238e-16
4435.9082092765175 2.4728273409719616e-14 7.200134654256328e-16
4439.129645332032 2.4559789398848164e-14 7.115544159519141e-16
4442.352124080712 2.4588440435054936e-14 7.06087526377784e-16
4445.575631912909 2.522942817726688e-14 7.154674167883839e-16
4448.8001384510535 2.2941222570704097e-14 6.986390094249945e-16
4452.025715847545 2.420879354173239e-14 6.98608809649643e-16
4456.867931538814 2.4002147762779706e-14 4.901084262836493e-16
4461.708548480321 2.3509591251113577e-14 6.853077674286044e-16
4464.938213184495 2.308551184432373e-14 6.756390470208182e-16
4468.168881776483 2.200359201103663e-14 6.624792348368524e-16
4471.400600334826 2.4482022692889077e-14 6.868215909628424e-16
4474.633303787945 2.2766119424439563e-14 6.708526370764834e-16
4477.867049157807 2.5255723572607418e-14 6.88873530332521e-16
4481.1017768549955 2.2928831495581078e-14 6.67920386611045e-16
4484.337534382426 2.408259093682609e-14 6.741224684506784e-16
4487.576197922459 2.4531078718226397e-14 6.798939932787654e-16
4490.8139450490335 2.3277320241994476e-14 6.64625727036534e-16
4495.674685906133 2.2435023867611517e-14 4.638136924029817e-16
4500.533363915652 2.2960750148971877e-14 6.574703360127662e-16
4503.775133494846 2.2874957931481777e-14 6.564929075476655e-16
4507.016032218334 2.344476610618821e-14 6.558183183465213e-16
4510.259785346595 2.165937982428196e-14 6.414244694319621e-16
4513.504608039313 2.434981437219952e-14 6.648713557241725e-16
4516.750375688799 2.3079677389219287e-14 6.459553060616526e-16
4519.997166752173 2.25273215335483e-14 6.395398104102383e-16
4523.244915106836 2.168200108264044e-14 6.311119431350947e-16
4526.493702796586 2.2312326335323976e-14 6.323153091693748e-16
4529.743448238068 2.1560617775081198e-14 6.206701456655565e-16
4532.994197631955 2.294144193864585e-14 6.313508242475198e-16
4537.874726052207 2.1212966010518587e-14 4.3387412948248746e-16
4542.752252943075 2.007069443185351e-14 6.012597069612871e-16
4546.006968924363 2.0498603971374405e-14 6.027446659339479e-16
4549.262613851679 2.0612244283249517e-14 5.979217229247473e-16
4552.519269408037 1.9961750579226864e-14 5.865444736854332e-16
4555.776858596316 2.0908698460659898e-14 5.993959057564164e-16
4559.035443181016 2.060542472257969e-14 5.961869264969795e-16
4562.295084047819 2.1890724031486078e-14 6.030362858650086e-16
4565.555286033242 2.2824745967044264e-14 6.06221460375775e-16
4568.816995372322 1.9449382671370243e-14 5.790193558147886e-16
4572.079508702406 2.1373744343152695e-14 5.908109975903693e-16
4575.342908947239 2.07388608276004e-14 5.844389955539082e-16
4580.243019370502 2.2680641608605077e-14 4.242324426129598e-16
4585.138971804791 2.1589350950028877e-14 5.8815294841064285e-16
4588.4062492785 1.981757126819102e-14 5.694779590313625e-16
4591.674510587063 2.0770972626745712e-14 5.76784165339264e-16
4594.943684800139 1.987588554707691e-14 5.653995697467195e-16
4598.213857358877 2.1004738718630907e-14 5.765167949690403e-16
4601.484947575833 2.0514218114283277e-14 5.690681178915573e-16
4604.757019799168 2.122089779398897e-14 5.743275202456838e-16
4608.029993814052 2.1244877774382154e-14 5.725667145469661e-16
4611.303975578515 2.0928807542622428e-14 5.702276040982233e-16
4614.579337130883 2.0214202964131612e-14 5.57476521361145e-16
4617.854733658301 2.1822702599989005e-14 5.727048135309134e-16
4621.131501981944 2.0564462773163335e-14 5.58715484566262e-16
4624.409241192901 2.0585042096449325e-14 5.577027613141297e-16
4629.331322369292 2.1122818419666198e-14 3.9584902940642964e-16
4634.248103845575 2.1362510023731485e-14 5.589497665287895e-16
4637.52958308049 2.0826604798024428e-14 5.528561703135051e-16
4640.812010028323 2.0354475260135626e-14 5.473182913388883e-16
4644.095368039872 2.0431025046451263e-14 5.465162839796863e-16
4647.379749635623 2.1037825159785513e-14 5.488574515663528e-16
4650.664888687179 2.0738330839534903e-14 5.444188374667781e-16
4653.951016604604 2.0204141274891574e-14 5.401710646494367e-16
4657.238097724946 2.0616655466618004e-14 5.43585146709537e-16
4660.52608405149 2.0202377803896546e-14 5.392609908387991e-16
4663.81502985646 2.10025941715664e-14 5.429562328892943e-16
4667.104870411253 2.103874543701909e-14 5.403499067641185e-16
4670.395637465047 2.122661151320247e-14 5.420684876998852e-16
4673.687332087528 2.1042589610327365e-14 5.378208263556031e-16
4678.630483266731 2.096019923955224e-14 3.791877515989832e-16
4683.567874299714 2.1265980549474322e-14 5.368137147937198e-16
4686.863223659166 2.069411403398419e-14 5.306028114778175e-16
4690.159470773657 2.000533225825988e-14 5.226164328404373e-16
4693.456647863669 2.1487831963821224e-14 5.349120201761835e-16
4696.754744422767 2.158879265554652e-14 5.321612953885754e-16
4700.053719106234 2.0208511000263902e-14 5.166617816913009e-16
4703.353603778529 2.0563028219293512e-14 5.191931978552772e-16
4706.654051688277 2.1794541227927362e-14 5.299015104833407e-16
4709.9560866992415 2.0958736053778576e-14 5.220210204137644e-16
4713.259270156678 2.132373474204178e-14 5.254332364766982e-16
4716.562169127085 2.0420498275679057e-14 5.154285842889098e-16
4719.866563884184 2.0767220504459533e-14 5.174190904463339e-16
4723.171846360813 2.1085248424254884e-14 5.200119466583129e-16
4726.478036023496 2.2109925723810085e-14 5.250016172783635e-16
4731.442465851387 2.167865859558382e-14 3.6788285312454956e-16
4736.401907854578 2.1297758672275825e-14 5.107348519379988e-16
4739.7116979668845 2.183051083383813e-14 5.154773936943184e-16
4743.022342570712 2.2452026766326894e-14 5.1989931019396e-16
4746.333843150522 2.0981611621126726e-14 5.063503781982182e-16
4749.6462224225015 2.1643408651320017e-14 5.115123013517105e-16
4752.959510411922 2.1677556982782827e-14 5.103329171998389e-16
4756.273650801465 2.179132107949778e-14 5.107771024056662e-16
4759.588716229257 2.2093861074508092e-14 5.115347456220877e-16
4762.904621763174 2.156894170464691e-14 5.056523870628908e-16
4766.221415487947 2.1442965787695323e-14 5.048171039671672e-16
4769.539041794391 2.149236415966481e-14 5.016529551158335e-16
4772.857623779065 2.1046259363142273e-14 4.995993415400127e-16
4776.177026034611 2.107393660631656e-14 4.953199706392206e-16
4779.497320537313 2.074231339855479e-14 4.92561261463056e-16
4782.818439724698 2.0437264212732846e-14 4.905364947378501e-16
4787.804438406348 1.954352931377826e-14 3.3848810908842833e-16
4792.7871200639265 2.0321663548023305e-14 4.856918346998096e-16
4796.111742145479 2.0722221796453026e-14 4.855366948802076e-16
4799.437204597049 2.003456438867604e-14 4.80069917465234e-16
4802.763546212972 2.0825765783541234e-14 4.849981957039225e-16
4806.090751386655 1.9568038880934628e-14 4.743370221199002e-16
4809.4187630285205 1.988569038587952e-14 4.770793277901352e-16
4812.747686241203 2.076498905085984e-14 4.827831608267829e-16
4816.077416173008 1.982259058435641e-14 4.747486905667685e-16
4819.408038568814 2.095222275586669e-14 4.843129220821552e-16
4822.739503069853 2.0063069480949683e-14 4.727489209945565e-16
4826.071806964062 2.0466619885355157e-14 4.76473402383535e-16
4829.404958092491 1.9976567349833927e-14 4.710428817012985e-16
4832.738945275447 1.96905548321792e-14 4.69084309231236e-16
4836.073795198233 1.900540952088025e-14 4.605506781632326e-16
4839.409486126833 1.9510128638146116e-14 4.62386178223787e-16
4842.746000847377 2.0160641781913714e-14 4.690564562397789e-16
4846.083390658269 1.9209026624151465e-14 4.581884290300163e-16
4851.092809941419 1.9666958950771717e-14 3.25416510770482e-16
4856.100531103707 1.933659987913851e-14 4.540350013723368e-16
4859.441140063791 1.9597508228433103e-14 4.52850446011018e-16
4862.782804283971 1.9533050976839113e-14 4.514496364291088e-16
4866.12520362451 2.0121083657412846e-14 4.555209974529539e-16
4869.468409136734 1.9430879868104803e-14 4.506504924164749e-16
4872.812448516518 1.9838029745386735e-14 4.523342131127898e-16
4876.157307534355 1.98155814928322e-14 4.520290719505135e-16
4879.503033204425 2.034120142977379e-14 4.556774689247906e-16
4882.849531077795 2.0079479992219137e-14 4.532905537264854e-16
4886.196862776289 1.962420094899807e-14 4.489283651841958e-16
4889.545048493925 2.06962083250722e-14 4.54204807787041e-16
4892.894078340887 1.9637353763937305e-14 4.468408481048733e-16
4896.243819137646 2.0578246525870134e-14 4.545001193518129e-16
4899.594419633863 1.9935500939116912e-14 4.486264116763148e-16
4902.945862167201 2.0699448386204023e-14 4.541154189451061e-16
4906.298100132505 2.046381206558592e-14 4.504104677193363e-16
4909.651166063831 2.0410708898816848e-14 4.4961863544215185e-16
4913.005040769802 2.0539635628740326e-14 4.482001019215251e-16
4918.0385154603355 2.007818165020483e-14 3.1355057703473283e-16
4923.071479808327 1.9547666946757673e-14 4.376576384482616e-16
4926.428583791434 1.9615740418023748e-14 4.37583298757186e-16
4929.78647987105 1.9632261787407095e-14 4.372062210821512e-16
4933.145179770351 1.918595851501969e-14 4.346583097887526e-16
4936.504679304077 1.8898988791605033e-14 4.3108261646655944e-16
4939.865076428949 1.9844972436801136e-14 4.37535218464776e-16
4943.226114670359 2.0181322234560458e-14 4.3774200779849286e-16
4946.588023979081 1.945281486410706e-14 4.3095991313471726e-16
4949.950681707448 1.8564429021793478e-14 4.2486951246148197e-16
4953.3141680546105 1.8662145672497852e-14 4.230224016072887e-16
4956.678475939115 1.9842040765541687e-14 4.3213974436048284e-16
4960.0435344311445 1.9096839358698726e-14 4.2791377181407844e-16
4963.409397551968 1.8773243715658076e-14 4.235712874314391e-16
4966.776027816768 1.7907988864928445e-14 4.1567188448468856e-16
4970.143471711132 1.8587739831856844e-14 4.202927343787329e-16
4973.5117005101165 1.868316842554057e-14 4.2011786129291196e-16
4976.88069279147 1.815798087562688e-14 4.163964014980296e-16
4980.250512926229 1.8587359173070026e-14 4.18707651383121e-16
4983.621052727761 1.853481382699073e-14 4.1564518280263203e-16
4986.992413078581 1.8426643908505983e-14 4.15740566727913e-16
4990.364241115211 1.8012727546844115e-14 4.093633723185759e-16
4995.424790732563 1.839402529625779e-14 2.91736639470337e-16
5000.485546400474 1.8472709937928016e-14 4.102350230432456e-16
5003.860805616599 1.7523051927903386e-14 4.0078322739233487e-16
5007.236803883203 1.7635214241943508e-14 4.021017382739296e-16
5010.613589826783 1.8411307669080248e-14 4.0794710438613894e-16
5013.9911311764645 1.789795895090746e-14 4.014273209482783e-16
5017.369446082697 1.9016293443956906e-14 4.1029452879936394e-16
5020.74850844798 1.801218943280273e-14 3.9890599450949865e-16
5024.128002908424 1.8096391838953658e-14 3.9987786395361604e-16
5027.509014301952 1.8218976536956687e-14 4.0334675598883836e-16
5030.8902434878755 1.700872423776669e-14 3.8957485766414825e-16
5034.272414332833 1.7783351630659537e-14 3.946393572540233e-16
5037.655270226187 1.7431871487732233e-14 3.9205278801098452e-16
5041.0387970170295 1.7240561436026467e-14 3.886587869962078e-16
5044.42333874761 1.7611863216321948e-14 3.8971045225226424e-16
5047.8084499736915 1.7747952959653983e-14 3.928975313404634e-16
5051.194260404274 1.7423231647756303e-14 3.895737214768154e-16
5054.5809889481925 1.6923630701421106e-14 3.843883733617601e-16
5057.968370393774 1.69191863264487e-14 3.8385732972094443e-16
5061.356570393668 1.764559926615445e-14 3.898365918857679e-16
5064.745403648592 1.6691553481706846e-14 3.8313107059389633e-16
5068.135138869278 1.770783288872573e-14 3.884332237481981e-16
5071.525453020369 1.665655766567082e-14 3.7932173269607626e-16
5074.916595693834 1.724076287209781e-14 3.8265345500688856e-16
5078.308468080754 1.649575838209995e-14 3.751426096745455e-16
5083.397902148116 1.7750279566428797e-14 2.7132265936927233e-16
5088.488551220357 1.7748537944099942e-14 3.8233470981063875e-16
5091.883373828612 1.704185778140777e-14 3.762729855352334e-16
5095.2789445774515 1.7081028437551672e-14 3.7595472728600783e-16
5098.675218579787 1.6310156017201834e-14 3.7015466316949714e-16
5102.0728160933895 1.6649843920086437e-14 3.7175579576127273e-16
5105.470038246482 1.7176193873417063e-14 3.736741880520206e-16
5108.868522371709 1.7651580937052666e-14 3.7856598586619707e-16
5112.26774433326 1.687661567913294e-14 3.7038880162915067e-16
5115.667625552275 1.6114522517544936e-14 3.626654784221236e-16
5119.068379764629 1.781366901931624e-14 3.7691954114942704e-16
5122.4697774330525 1.7377741357623806e-14 3.71437666786511e-16
5125.871875697661 1.7035760262567265e-14 3.6939007801050804e-16
5129.274709487347 1.6312775818490313e-14 3.6385759758553954e-16
5132.678302209785 1.717119682453967e-14 3.683484379765124e-16
5136.082577485941 1.6612075379224862e-14 3.6318095328474314e-16
5139.48756474214 1.64871414809826e-14 3.631256848386729e-16
5142.893292215601 1.6671197372900923e-14 3.6125346873986094e-16
5146.299702885305 1.6074047247003783e-14 3.5680127161740183e-16
5149.706857595915 1.6257973601662768e-14 3.596110785015643e-16
5153.114720275605 1.614934665127303e-14 3.5695698351424767e-16
5156.523430691939 1.544662352799656e-14 3.507762292877633e-16
5159.932575803761 1.6136338956842875e-14 3.5453453927855923e-16
5163.342576885428 1.619278485864035e-14 3.532150885337887e-16
5166.753275926702 1.5696186621518185e-14 3.4759563044999635e-16
5170.164672959161 1.6090968320066564e-14 3.505573693855258e-16
5173.576787742284 1.5956271699489927e-14 3.4813827575611074e-16
5176.989592007025 1.576866959517155e-14 3.456317958742362e-16
5180.403093175631 1.5597168455160868e-14 3.444461685875849e-16
5185.524700786559 1.530921229592768e-14 2.4184486372852076e-16
5190.6472623407035 1.5494479539305055e-14 3.438117541842448e-16
5194.064075298768 1.507619193350691e-14 3.4606066959506125e-16
5197.481070956341 1.529912136777467e-14 3.498400182788236e-16
5200.898767129864 1.536572364716091e-14 3.503576871173897e-16
5204.31715853054 1.5259936065780964e-14 3.4732616521197123e-16
5207.736255982554 1.4851898305547336e-14 3.386864774631765e-16
5211.156035357019 1.4710601099479254e-14 3.339572736627738e-16
5214.57624224288 1.533096830815636e-14 3.3623882789858147e-16
5217.9976448336665 1.4481612397434683e-14 3.3118854031436194e-16
5221.419466986365 1.4615071591217645e-14 3.3132494076605117e-16
5224.842019789267 1.4604786848355525e-14 3.3063204329690565e-16
5228.265188859515 1.5192205482992408e-14 3.3511691382773295e-16
5231.689095733238 1.5143252037296063e-14 3.334476041230623e-16
5235.11365783296 1.59178396856741e-14 3.3849951704066707e-16
5238.538961186936 1.6736396761588023e-14 3.4508351173825484e-16
5241.964821592034 1.6118567529944542e-14 3.402847818051922e-16
5245.391419957671 1.632790758849473e-14 3.4183138449562445e-16
5248.818676698366 1.4911860501936476e-14 3.2962233541285345e-16
5252.246602437258 1.4488242000890054e-14 3.256301397625255e-16
5255.675076921615 1.422668486524559e-14 3.2014332159787105e-16
5259.104530103188 1.4095070723043754e-14 3.198063023404646e-16
5262.5345560112155 1.4743586968404543e-14 3.220368713965897e-16
5265.965134654717 1.3891152197523007e-14 3.137459339134414e-16
5269.396438660059 1.421834780523291e-14 3.1634612398492944e-16
5272.828428582886 1.429512013454938e-14 3.163590503193637e-16
5276.261036934286 1.3962606871827335e-14 3.142829850555621e-16
5279.694344315395 1.4405300535709978e-14 3.1757419528060235e-16
5283.128284351505 1.49483020163306e-14 3.218003421968842e-16
5286.562980448072 1.7800683066108056e-14 3.4417076890332926e-16
5289.998317001008 1.8290674400586835e-14 3.4626306970377673e-16
5293.434257895175 1.8740927896375494e-14 3.482859768807243e-16
5296.870801518454 1.692697735643073e-14 3.3419122874673913e-16
5300.308011329249 1.3807276062786817e-14 3.0810044503977317e-16
5303.746045524149 1.3153019281599321e-14 3.0146680404922207e-16
5307.183831079989 1.3522031879103848e-14 3.072588141897148e-16
5310.623689254431 1.3315634806758522e-14 3.0309249092256253e-16
5314.063567673092 1.377028713378255e-14 3.069074130669301e-16
5319.224274586269 1.3561723213671636e-14 2.1348253470162683e-16
5324.3870993209575 1.3737585117794103e-14 3.022276890080477e-16
5327.82954675632 1.3210130354782122e-14 2.9762946427425947e-16
5331.272667989836 1.3423560448794061e-14 2.9833220856416267e-16
5334.716430560647 1.366519881353733e-14 2.997345014458472e-16
5338.16079472417 1.3226185930965802e-14 2.969408007201623e-16
5341.605852748459 1.322476385399261e-14 2.967556489972026e-16
5345.051513142862 1.305326512687768e-14 2.949163234721272e-16
5348.497825227932 1.3332262296805623e-14 2.985631008086464e-16
5351.944819994759 1.3031551743792976e-14 2.9521483203201604e-16
5355.3923738726435 1.327391092532691e-14 2.9665258628552367e-16
5358.8405875149165 1.269600621323937e-14 2.920222749936798e-16
5362.289436169813 1.2150331308357787e-14 2.8612236280646435e-16
5365.738937531496 1.1996120149288093e-14 2.825626057551414e-16
5369.189085412173 1.2535904471957079e-14 2.856081341574671e-16
5372.6398496280635 1.283582605428963e-14 2.872411528267612e-16
5376.0912640459155 1.2420830209450578e-14 2.8350012405497136e-16
5379.543236259947 1.2365893940756883e-14 2.831210433695576e-16
5382.99586562269 1.2153585683797553e-14 2.8119095826776224e-16
5386.449227691348 1.2352243331244834e-14 2.8135216839517597e-16
5389.902992120842 1.1966401422180043e-14 2.771919159343126e-16
5393.357541406102 1.2161397410685966e-14 2.7883741809959e-16
5396.812674905084 1.2196221070165323e-14 2.7745715828305286e-16
5400.268434343995 1.2069584269606709e-14 2.7562070066049263e-16
5403.724787263777 1.1485371246424626e-14 2.7159115818608326e-16
5407.18180548394 1.2215773006949646e-14 2.7592417629981237e-16
5410.6394163946 1.2297331044067961e-14 2.76101390291056e-16
5414.0976284391245 1.193857155472287e-14 2.728580922119839e-16
5417.556456305798 1.1320582513706231e-14 2.6729659788981936e-16
5421.015924804357 1.1529445118781169e-14 2.6715661008840494e-16
5424.475956699021 1.0779256889879149e-14 2.621389222239844e-16
5427.936698496908 1.1610579168640329e-14 2.6612961186423897e-16
5431.3979373252505 1.1341531043262154e-14 2.6503393320646687e-16
5434.859869146677 1.1121129842124115e-14 2.622735937969295e-16
5438.322357785958 1.1405439084144034e-14 2.636422378121665e-16
5441.78544592636 1.1569485679823586e-14 2.653917955416605e-16
5445.249172587503 1.190872424682086e-14 2.6690923090233063e-16
5448.7134736525 1.1811380241380508e-14 2.674803526679814e-16
5452.179175329201 1.1498684522449555e-14 2.653854379664481e-16
5455.643666365855 1.1123081748279161e-14 2.604803609936376e-16
5459.109999640845 1.0836591851068445e-14 2.5902943855449763e-16
5462.576698052598 1.010457989540303e-14 2.511716112132516e-16
5466.044048534916 1.0990505663664038e-14 2.576532499885539e-16
5469.511963074049 1.1284434740219231e-14 2.5923081144994644e-16
5472.980480614672 1.0953167208281295e-14 2.546629503734746e-16
5476.449552339353 1.0585511453049174e-14 2.5317855199211505e-16
5479.919285358866 1.1106471852597789e-14 2.552120852860739e-16
5483.389574147942 1.0865718715173723e-14 2.526459568957254e-16
5486.860445806901 1.1145364135959117e-14 2.5507191903915418e-16
5490.331891627472 1.0861087478225226e-14 2.5207957160508274e-16
5493.803960278313 1.083748045577076e-14 2.5107470134226206e-16
5497.276603341596 1.1025455923476899e-14 2.515948247812176e-16
5500.749837111756 1.1351628371152031e-14 2.5477396969126747e-16
5504.223634836514 1.0834615091940453e-14 2.4952414416800315e-16
5507.698040026329 1.0766570076593156e-14 2.477731574355043e-16
5511.17299281998 1.0647914250399898e-14 2.4747892492011075e-16
5514.648575863126 1.0591622678321727e-14 2.4552728317026653e-16
5519.862368379207 1.0607191631629612e-14 1.731125060221673e-16
5525.079275201065 1.0479017636051668e-14 2.450789985873347e-16
5528.556568529085 9.749242356832211e-15 2.3732085249376245e-16
5532.035006928253 1.006925989738957e-14 2.399242384811973e-16
5535.514045846428 1.0081508212590702e-14 2.402724652896677e-16
5538.9936238106175 1.049045620511994e-14 2.4379402713364627e-16
5542.47381344096 1.02751579155401e-14 2.414931203692248e-16
5545.954518368834 1.0174402899825525e-14 2.392086964545558e-16
5549.435860927743 1.0144979996994304e-14 2.3882681278352643e-16
5552.9177040648065 1.0049313375667384e-14 2.368351857095041e-16
5556.400099369126 9.782812757555464e-15 2.333460153569696e-16
5559.883883014141 9.46181648872729e-15 2.338797746070266e-16
5563.366742634224 9.737852699560751e-15 2.329906028449646e-16
5566.850799380617 9.423763351369284e-15 2.342863444076396e-16
5570.3353519947195 1.0506080264762855e-14 2.7741640172626667e-16
5573.820493965127 9.450785075354852e-15 2.9595316077553624e-16
5577.306361485031 1.028406254606506e-14 3.0030538223320693e-16
5580.792699936947 9.756637149067933e-15 2.9795798805323824e-16
5584.279717097692 1.0352461294307094e-14 2.917905691720233e-16
5587.767269571432 9.560649511424025e-15 2.387361461134456e-16
5591.2555261073585 9.90781179224562e-15 2.3136687481836386e-16
5594.744110533527 9.935750191095253e-15 2.3192881617066827e-16
5598.233304139689 9.852909171006472e-15 2.292443889159923e-16
5601.722988192043 9.846192393587431e-15 2.306376985976914e-16
5605.213235813205 9.685205225620419e-15 2.2827315097960884e-16
5608.704050178648 9.778870686519415e-15 2.299352674337222e-16
5612.195438482672 9.915665877547624e-15 2.289326241536562e-16
5615.687234446868 9.505741137155352e-15 2.2615516265602583e-16
5619.179822601531 1.025537830185177e-14 2.2995736905014133e-16
5622.6728837376495 9.586529672159283e-15 2.239067903872557e-16
5626.166310271645 9.458052808956282e-15 2.2195413719767318e-16
5629.66044390111 9.56329950504294e-15 2.242309708588298e-16
5633.1551343461515 9.375679556773397e-15 2.2030292772051807e-16
5636.650203813464 9.07922773811461e-15 2.1940055402867424e-16
5640.145950943126 9.371824231875837e-15 2.204743616753294e-16
5643.64219850001 9.477577103328588e-15 2.2273471321528056e-16
5647.138990461101 9.479426390883132e-15 2.21506118258123e-16
5650.636323250595 9.375040867582392e-15 2.2092753852618704e-16
5654.134165472908 9.501671289329329e-15 2.2105621911943387e-16
5657.632556534175 9.657068188618049e-15 2.2068453930169065e-16
5661.131521675921 9.47940278967841e-15 2.1966830878790342e-16
5664.630979940043 9.665822287098534e-15 2.2121459770876596e-16
5668.130961898478 9.235239580006756e-15 2.1783864892170435e-16
5671.631482904171 9.236529184534793e-15 2.1872138401421499e-16
5675.132545889383 9.422698297744329e-15 2.1927135627496293e-16
5678.634132356372 9.367798417183881e-15 2.1876992639387942e-16
5682.136227320297 9.293096612578127e-15 2.177723226376957e-16
5685.638628433684 9.202646680291043e-15 2.1827253446595725e-16
5689.142010463209 8.922663342105506e-15 2.149941896252326e-16
5692.645368861039 9.51134511038968e-15 2.1814149760953413e-16
5696.149939417496 9.033158569309234e-15 2.1346681622183385e-16
5699.654630504805 8.857394001035055e-15 2.1126625450675307e-16
5703.159901786456 8.975856441791123e-15 2.1176967435312222e-16
5706.665755768801 8.573309609294825e-15 2.062061876358475e-16
5710.172083631947 9.046088032465893e-15 2.0932443667599222e-16
5713.678855688043 8.886283907924012e-15 2.0824883475557867e-16
5717.1861795109035 8.860381360701255e-15 2.085140774458406e-16
5720.6939705549785 9.079498308062568e-15 2.0888543342948777e-16
5724.202366049146 9.079435370962972e-15 2.0997775637593792e-16
5727.7110971650445 8.880934671811982e-15 2.085186922656541e-16
5731.220469149339 9.012041103637742e-15 2.0962647061516713e-16
5734.730344058909 8.742482048127585e-15 2.0649207698279032e-16
5738.240749308211 8.897015836698336e-15 2.0741940359227107e-16
5741.751608581433 8.73659080985874e-15 2.0665539838724463e-16
5745.263048179837 8.80412674879636e-15 2.0594635704710528e-16
5748.774996853613 8.813837425490263e-15 2.0507730159450213e-16
5752.287316483866 8.588463474074935e-15 2.0314780084673286e-16
5755.800320219416 8.810302821573228e-15 2.0465914829857463e-16
5759.313726730355 8.563943832223941e-15 2.0255030053699838e-16
5762.827618915937 8.243462499058306e-15 1.995149240618853e-16
5766.34205229731 8.262912514605047e-15 1.9976033031873496e-16
5769.856970201775 8.300081590777998e-15 2.008299033098483e-16
5773.372434369418 8.619473513267453e-15 2.02400562861867e-16
5776.888341783875 8.439919639246046e-15 2.0043162967516957e-16
5780.404779600441 8.332745796437957e-15 1.9874001926018127e-16
5783.921677259185 8.347916432274851e-15 1.9842390415841958e-16
5787.439091629613 8.338283871429364e-15 1.987605446293349e-16
5790.956953050539 7.970113766158522e-15 1.9565610464907288e-16
5794.475406727789 8.570183323557632e-15 2.0069684134796774e-16
5797.994283474816 8.169775025219731e-15 1.9677855138259433e-16
5801.51377605143 7.980706066086625e-15 1.949331678407389e-16
5805.033404297157 8.520102580835063e-15 1.9909624084920007e-16
5808.553915964006 8.752822006733357e-15 2.0115949723027982e-16
5812.074722663928 8.012490057674217e-15 1.9522008572861094e-16
5815.596062333261 8.204532636620856e-15 1.963387313413013e-16
5819.117827101145 7.836537776642721e-15 1.932822570561787e-16
5822.640166691784 8.014651821021295e-15 1.9506632329278352e-16
5826.16297821935 8.13939899385534e-15 1.953815453311746e-16
5829.686230599046 8.192182974570686e-15 1.9609800574973973e-16
5833.209986305242 8.236497188810642e-15 1.953806626979403e-16
5836.7342139065095 8.367910932518611e-15 1.9691732548461103e-16
5840.258942211512 8.345351325842665e-15 1.9634974775283736e-16
5843.78411628241 8.312322594844499e-15 1.951214281583178e-16
5847.309784187741 8.1570046761275e-15 1.937683336266784e-16
5850.836054090987 8.032473659670915e-15 1.9278512238174602e-16
5854.362561313533 8.579102667327067e-15 1.9696806196597923e-16
5857.88960744468 8.214922976107752e-15 1.9456163051737396e-16
5861.417165041863 8.044710641698692e-15 1.9470421600803624e-16
5864.945161719523 7.97850981615847e-15 1.9465179112667571e-16
5868.473722838757 8.479898063178762e-15 1.9753965080157295e-16
5872.002647035328 8.281683262913205e-15 1.9785339459377465e-16
5875.532127577216 8.472979437511227e-15 1.9735894369892198e-16
5879.062012661028 8.005944089862757e-15 1.9390975132351188e-16
5882.592203349037 7.814779534468748e-15 2.0580315199280677e-16
5886.12303240864 7.945762425927603e-15 2.2213999112491535e-16
5889.654280205767 7.771818022846166e-15 2.319435683064856e-16
5893.185990359022 6.993837969487603e-15 2.324227691038415e-16
5896.718309759885 8.155907034517743e-15 2.3621094909946126e-16
5900.251043686388 7.498898133101717e-15 2.1519141050722816e-16
5903.784299955268 7.642449780403629e-15 2.0465111756541284e-16
5907.318008894107 7.724024706453526e-15 1.9099860881071722e-16
5910.852114767565 7.748130502801244e-15 1.8998437708967036e-16
5914.386620412335 7.6517305029707e-15 1.8929654163184062e-16
5917.921672472558 8.155102677966219e-15 1.9225191778849468e-16
5921.457068111113 7.610220793911452e-15 1.892494555519856e-16
5924.9929909474395 7.554645031419528e-15 1.8697492801385853e-16
5928.528907415538 8.054903575919858e-15 1.920144254337371e-16
5932.066163244207 7.81345144851374e-15 1.9039010719536458e-16
5935.603226063919 7.909639856104022e-15 1.8944661157651796e-16
5939.141154243776 7.817440844256446e-15 1.891215887983463e-16
5942.679307927952 7.486925729250361e-15 1.8479945598991817e-16
5946.217964736811 7.941305301004129e-15 1.8781973616775357e-16
5949.757525185788 7.661900390369174e-15 1.8727675963095292e-16
5953.2964969019795 7.547381921015865e-15 1.8529617179284775e-16
5956.836467211609 7.989975428733418e-15 1.880319268072788e-16
5960.376877303407 7.45135173517668e-15 1.8250077855781634e-16
5963.91771086783 7.604784358078367e-15 1.8399932543133418e-16
5967.459024390871 7.736748972590869e-15 1.8448941453448361e-16
5971.000586718852 7.568383668430181e-15 1.8243488940528008e-16
5974.542914101301 7.613110095885895e-15 1.8370273783047105e-16
5978.085495333894 7.165921138285174e-15 1.8046073907328335e-16
5981.628591000083 7.608109091783267e-15 1.827996279290703e-16
5985.172068748579 7.550012186780066e-15 1.815839566285185e-16
5988.716008470997 7.379388934394487e-15 1.7971552720522845e-16
5992.260365728325 7.55026271068951e-15 1.8094064115582324e-16
5995.805695566338 7.30517968461812e-15 1.7979117110122692e-16
5999.350379213174 7.253764288724487e-15 1.7840632506282175e-16
6002.8966344497985 7.883961351166524e-15 1.8334996830336097e-16
6006.442172685907 7.449038549362471e-15 1.7904257611544715e-16
6009.98874006861 7.512350244412848e-15 1.793139324369605e-16
6013.53542697418 7.401873046668988e-15 1.764974471599908e-16
6017.08310819899 7.36747994108141e-15 1.7702940642317824e-16
6020.630918238433 7.525144074525667e-15 1.7794905539031384e-16
6024.179174452224 7.204297232624437e-15 1.753691367606338e-16
6027.7278270528595 7.089309238144942e-15 1.73827034939181e-16
6031.276976823339 7.434800414442735e-15 1.7669839374542886e-16
6034.8264780079935 7.170702310556828e-15 1.7378793051312287e-16
6038.376416781684 7.279535856871632e-15 1.752071450462843e-16
6041.926798543353 7.37970807018297e-15 1.7655183796814982e-16
6045.477599470943 7.709291612493562e-15 1.7832479706834981e-16
6049.0287873570815 7.333688027366922e-15 1.7467318505562468e-16
6052.580525563709 7.687065027377698e-15 1.7707994479457882e-16
6056.132555847906 7.604490936987315e-15 1.7680622079801726e-16
6059.685190499201 7.76145225244676e-15 1.774276168321096e-16
6063.237854032148 7.116741792237151e-15 1.7115083357056873e-16
6066.7906436163685 7.627170684655593e-15 1.7669510072557268e-16
6070.344252056911 7.343161403621674e-15 1.7325117430945327e-16
6073.899157620327 7.483797247027641e-15 1.7449074112330107e-16
6077.453712680025 7.466294815453197e-15 1.7392345353231733e-16
6081.0087055164795 7.728699737598814e-15 1.7656183091071706e-16
6084.564061339434 7.12841463158534e-15 1.7135573699507714e-16
6088.119900280418 7.546185573268194e-15 1.7412799601702972e-16
6091.676085401911 7.593140326336456e-15 1.7466054776687353e-16
6095.232671829277 7.679850028517723e-15 1.7566022655975741e-16
6098.7897246248085 7.459742892072574e-15 1.7346856594225017e-16
6102.347164137229 7.631741897346367e-15 1.7509609917813075e-16
6105.90501903418 7.387091545904826e-15 1.7237386944787738e-16
6109.46325150705 7.410818707115208e-15 1.720661329992013e-16
6113.021894506904 7.38491037353728e-15 1.7214977444388177e-16
6116.580985409408 7.448289164350066e-15 1.713657866166552e-16
6120.140391108549 7.167238064910993e-15 1.7002808787522605e-16
6123.700268208076 7.300388711833364e-15 1.7120876411762654e-16
6127.260544132583 7.159540688206672e-15 1.702543779230143e-16
6130.821152952964 7.459838379058896e-15 1.7190393335876522e-16
6134.382296264182 7.743119372620342e-15 1.7401378558764418e-16
6137.943708887605 7.197704697271748e-15 1.7050693927455108e-16
6141.505626763224 7.41626054639671e-15 1.719397866255007e-16
6145.067801526881 7.317274063507794e-15 1.7047864337448898e-16
6148.63052681127 7.755839647761173e-15 1.744253789879752e-16
6152.193587051227 7.720297586340439e-15 1.7319542246525597e-16
6155.757036295465 7.484833220277385e-15 1.7066118845168693e-16
6159.320840584578 7.245796311748689e-15 1.6814645656978913e-16
6162.885080656686 7.410517252856734e-15 1.6957385643598395e-16
6166.44964133699 7.255939245173971e-15 1.6841004445721437e-16
6170.014680317915 7.323762929624805e-15 1.7048262271541872e-16
6173.580108449504 7.468500853287398e-15 1.7092313392290046e-16
6177.145915632353 7.605643886730699e-15 1.721681954701952e-16
6180.7120685424625 7.325512571023568e-15 1.6874760921877376e-16
6184.278642001205 7.121965082527083e-15 1.6704898933125424e-16
6187.846329891922 7.696185064278583e-15 1.7020737827022105e-16
6191.412505242776 7.157388239348407e-15 1.6635429642151416e-16
6194.980642409963 7.257965881525782e-15 1.675741489879638e-16
6198.5487521520445 7.095796650390833e-15 1.6581372172105145e-16
6202.117208428714 6.958534035689976e-15 1.6585409357775811e-16
6205.686095793203 7.336730670684848e-15 1.6900368234263782e-16
6209.255366053728 7.392173665994488e-15 1.6882845420745256e-16
6212.824992040919 7.206716452763411e-15 1.669039234487761e-16
6216.394696513132 6.871070168755086e-15 1.6350252727284756e-16
6219.9653777426365 6.722101995656314e-15 1.6266807495708975e-16
6223.536135790113 6.486999906270185e-15 1.5995399821775871e-16
6227.107050869612 6.5957604822025135e-15 1.6146561831930535e-16
6230.67882563793 6.688781241161702e-15 1.642703354617266e-16
6234.25064148805 6.717048808185218e-15 1.6521282022135229e-16
6237.822924219757 6.860164653776744e-15 1.6700748333461085e-16
6241.395660078703 7.060854535755854e-15 1.6895138583694578e-16
6244.969488691816 7.021938654021971e-15 1.6507688609990758e-16
6248.541951736394 6.728319402119225e-15 1.6202488405160162e-16
6252.1157652858 6.549241926078093e-15 1.616054501706489e-16
6255.6898477638015 7.0223748011874775e-15 1.6685291791026672e-16
6259.264297918454 6.9302033536299946e-15 1.6492916097079795e-16
6262.839301858322 6.709477273756396e-15 1.6433591303091852e-16
6266.41451492574 7.0138000307232645e-15 1.6585396960148948e-16
6269.990062673425 6.892743629841349e-15 1.6360766846634158e-16
6273.566212487629 7.006670874648345e-15 1.6237318435474443e-16
6277.142411257111 6.582736820758283e-15 1.583847945592913e-16
6280.7191120111775 6.64301334990297e-15 1.5981122711204063e-16
6284.296077824769 6.293380177024416e-15 1.5854540002448153e-16
6287.8736067112395 6.50652335171979e-15 1.5879205362430765e-16
6291.451132895102 6.48141017665717e-15 1.7107049467682126e-16
6295.029137537789 7.179764024987919e-15 2.1973847070340262e-16
6298.607550201071 6.121642824044294e-15 2.232959537292449e-16
6302.186464075753 7.215811178597681e-15 2.2766985917754095e-16
6305.765924069462 6.539372333116999e-15 2.264098162906725e-16
6309.345396179749 6.983042977672236e-15 2.0454038763600815e-16
6312.925697601693 6.5204008089541e-15 1.6089303771255855e-16
6316.5059244217455 6.921894587465407e-15 1.6204924611296259e-16
6320.086536877881 6.577069305459701e-15 1.5848823782527541e-16
6323.667522959361 6.653290774159753e-15 1.595312188976041e-16
6327.248890867737 6.656604653402831e-15 1.6027461961920254e-16
6330.830621158948 6.516504073538204e-15 1.5814757051951888e-16
6334.412656838347 6.367324302308001e-15 1.5723823493553709e-16
6337.995099429838 6.654547679321331e-15 1.5817714182853477e-16
6341.577863560436 6.393994253676605e-15 1.5509318474270058e-16
6345.1609912159265 6.5205687975440665e-15 1.5556465230020215e-16
6348.744428968811 6.49285879450535e-15 1.5652521897384949e-16
6352.328333122272 6.1533097376896566e-15 1.5359161494672958e-16
6355.912270249511 6.4398445070066966e-15 1.6402115244012306e-16
6359.496646935543 6.2951994028100735e-15 1.770396983212291e-16
6363.081511872531 6.561042744466051e-15 1.8032407598505238e-16
6366.6668055264445 6.476512576043099e-15 1.768173763120985e-16
6370.252244750762 6.587123291613959e-15 1.7888346244377532e-16
6373.838305103719 6.736061802039557e-15 1.649948741619305e-16
6377.424600214989 6.483241078363051e-15 1.5361190141010728e-16
6381.011144305764 6.382835739127816e-15 1.534069118270821e-16
6384.5980554700345 6.645303955380628e-15 1.5556337688367576e-16
6388.1853176930235 6.570057024163415e-15 1.5497188483366746e-16
6391.7728636383445 6.611247744925405e-15 1.5465480503977326e-16
6395.360811524343 6.6505779742198075e-15 1.5531151717233703e-16
6398.949025172896 6.637752370724673e-15 1.5316038036614265e-16
6402.537721122317 6.783695582832868e-15 1.5472999417772795e-16
6406.126624276431 6.448963086363565e-15 1.5181898307924173e-16
6409.715899957896 6.774232808965689e-15 1.547985316235496e-16
6413.305473334127 6.407058649688716e-15 1.5084230348530308e-16
6416.895448883597 6.558024911379205e-15 1.5292785867067823e-16
6420.485751514727 6.456212302267034e-15 1.5161406018026174e-16
6424.076297844012 6.357224243877669e-15 1.5099082157350199e-16
6427.667232681027 6.474533608347553e-15 1.524428057314901e-16
6431.258500602563 6.214224841891037e-15 1.4903699587791364e-16
6434.8500319006625 6.229975306051158e-15 1.484405608953869e-16
6438.442040218829 6.531357669448391e-15 1.5167125210244487e-16
6442.034299421885 6.460204330492048e-15 1.5071496067146049e-16
6445.626856139953 6.240018647436946e-15 1.4863714450863881e-16
6449.219779227259 6.4528792072583204e-15 1.5047897003980446e-16
6452.813014055725 6.593642251874239e-15 1.5184339619711217e-16
6456.406587026574 6.661806315133014e-15 1.5219034827564958e-16
6460.000259922421 6.097530015748861e-15 1.4848252751774137e-16
6463.594647795513 6.716566960494478e-15 1.5449294676665632e-16
6467.189154689672 6.572124324979546e-15 1.5454321416585114e-16
6470.783998283255 6.329465596845051e-15 1.5208540010117552e-16
6474.379183327593 6.29486336842492e-15 1.513725972609047e-16
6477.974671236078 6.1772171472660774e-15 1.4936785671416636e-16
6481.5704884737 6.264432899127234e-15 1.4758413207062917e-16
6485.166674506447 6.405490993525298e-15 1.4787118005775565e-16
6488.763135073052 6.195783440106622e-15 1.4624797007931415e-16
6492.359853387415 6.2130969679630646e-15 1.480907583220145e-16
6495.956938684982 6.247468590144757e-15 1.499278734188777e-16
6499.554301438519 5.751036970796505e-15 1.4671600863651028e-16
6503.152042659221 6.326607477350461e-15 1.518236058545243e-16
6506.750093697571 5.6022075438967524e-15 1.4480312033528315e-16
6510.348454632451 5.834956853836347e-15 1.4403396362620928e-16
6513.9471053263105 5.902776070553229e-15 1.435077041800394e-16
6517.54605176835 5.879103841887016e-15 1.4312014206618862e-16
6521.145355694951 5.973520496516352e-15 1.429559094707014e-16
6524.7449094618305 5.714968125499155e-15 1.4171007375580188e-16
6528.344887266707 6.068548036384782e-15 1.468650679833081e-16
6531.945089348021 5.753163145275558e-15 1.4452462786766207e-16
6535.545413223629 5.4833563788687804e-15 1.4127677859613245e-16
6539.146432530987 5.697350922098585e-15 1.4467520832843238e-16
6542.7476734123065 6.01061050078675e-15 1.4507031004877996e-16
6546.349077690447 5.961004175735024e-15 1.4430748815419124e-16
6549.950813093883 5.861739692403471e-15 1.4586742473238674e-16
6553.5528889316965 6.149790120683535e-15 1.4669680902021455e-16
6557.155206867302 6.0887477894938824e-15 1.4775205672964408e-16
6560.757907677476 6.001808424811194e-15 1.480712531103199e-16
6564.3608773002825 5.9862212671231854e-15 1.4556008092278582e-16
6567.964192108977 5.914139698571715e-15 1.4469187232795215e-16
6571.567507843963 5.93915133016296e-15 1.4560858997627703e-16
6575.171681680247 5.874736830616585e-15 1.4301533580656687e-16
6578.775875626377 6.066181897261362e-15 1.440461663280236e-16
6582.3806368643955 5.920587674692585e-15 1.4315715882814063e-16
6585.985156914525 6.173382656467199e-15 1.4433835958618353e-16
6589.589957016949 5.806626867275488e-15 1.3966860698025666e-16
6593.1951007614025 6.003543775205161e-15 1.4064274972119735e-16
6596.801309700281 6.17114702876969e-15 1.4374487181131978e-16
6600.407210391098 5.701657479600346e-15 1.3969703716957686e-16
6604.013260109152 5.930603028849061e-15 1.4084371694729857e-16
6607.620075901056 5.602531491178266e-15 1.3853642186179206e-16
6611.226976452429 5.912588268118624e-15 1.396593336862866e-16
6614.8339829429115 5.962501949250429e-15 1.3985367127300659e-16
6618.441028587698 6.2557248256229096e-15 1.4206636420970048e-16
6622.049357697497 6.46461166546518e-15 1.4288367094821214e-16
6625.657339566667 5.9863990822075505e-15 1.397826322301461e-16
6629.265687516621 6.250119028945224e-15 1.4238663281901005e-16
6632.87428731034 6.23337877895785e-15 1.4180567650858266e-16
6636.483206715848 6.0680049965752076e-15 1.4026877252806075e-16
6640.092406724434 6.267465081952675e-15 1.418863858636513e-16
6643.701872418361 6.243894835991444e-15 1.4187501791015685e-16
6647.311626953822 6.0767248673458315e-15 1.3996462514317502e-16
6650.921646139391 6.296691880988397e-15 1.411526003419636e-16
6654.532083986545 6.16513776867196e-15 1.4003687284973221e-16
6658.142682484917 6.329124047649093e-15 1.4133490709300176e-16
6661.75357041802 5.894390349942017e-15 1.373746546135329e-16
6665.364755538439 6.166394438317246e-15 1.4014565847426712e-16
6668.976276774358 6.147137282271266e-15 1.4003297801315647e-16
6672.587891574313 6.071302797170817e-15 1.382479990702588e-16
6676.199913496583 5.925376435535165e-15 1.374876780774318e-16
6679.812359071334 5.888936539396645e-15 1.373581399649512e-16
6683.425028705047 5.939412904803482e-15 1.3648245630978358e-16
6687.037731305221 6.1189151978175474e-15 1.3854507518507187e-16
6690.651033795663 6.2174967974894016e-15 1.395209507087519e-16
6694.264482393419 6.139662153282147e-15 1.384350951541004e-16
6697.878375781647 5.93603598761669e-15 1.3668691332193422e-16
6701.492070758354 5.8843713867747275e-15 1.3640977396287609e-16
6705.106513546263 6.326303796971803e-15 1.4006184385728744e-16
6708.72101537845 5.928042962735438e-15 1.3684212673937966e-16
6712.33584314945 5.9060950657641754e-15 1.3686530825382786e-16
6715.950953260455 5.897858422355234e-15 1.3639146603941296e-16
6719.5663133514745 5.764892644792274e-15 1.3536934343251528e-16
6723.181885051767 5.645702468860289e-15 1.3363874659663977e-16
6726.797800094262 5.735275794324907e-15 1.3366928712747342e-16
6730.4141059274025 5.875021274071962e-15 1.3470584900136807e-16
6734.0305966913165 5.890717409085491e-15 1.3508185236029735e-16
6737.647335692334 6.010310740025318e-15 1.3594445462313416e-16
6741.264343197892 6.070309399838037e-15 1.370338661184655e-16
6744.881633747721 5.900476992574815e-15 1.3531111655168484e-16
6748.499201591378 6.182892769599342e-15 1.3675749312549874e-16
6752.1170312713175 6.079721811954588e-15 1.3629561531693842e-16
6755.735115275989 6.00856888201648e-15 1.3511111625602476e-16
6759.353409834494 5.728611775738415e-15 1.3318074713800318e-16
6762.972081421522 5.972560914927455e-15 1.3496778339282206e-16
6766.5909999938585 6.024930892441757e-15 1.3534058540622068e-16
6770.210078485077 5.855055172482802e-15 1.3299213969623688e-16
6773.829687855165 5.810816380502892e-15 1.3372624077682507e-16
6777.449784991331 5.718738698434915e-15 1.3157802256702924e-16
6781.069147794163 5.727724626260798e-15 1.3232708068044857e-16
6784.689483170122 5.6989795339099925e-15 1.3263069833853463e-16
6788.309882832804 5.704887796413909e-15 1.3217554512354087e-16
6791.9306004258215 5.614141460246731e-15 1.3178548592884086e-16
6795.55141840922 5.88987950034154e-15 1.3381571744060075e-16
6799.172949366094 5.945351761540446e-15 1.3332525771242154e-16
6802.794421990176 6.044235751864258e-15 1.3450311086668906e-16
6806.416053737063 5.701376929119171e-15 1.3227872730626341e-16
6810.038157540099 5.776012990281786e-15 1.3182667340465464e-16
6813.660559797012 5.552853552213926e-15 1.301024825390268e-16
6817.283105431541 5.522046906645164e-15 1.3001750065540398e-16
6820.90584067032 5.662674486156431e-15 1.3313649249025567e-16
6824.528848256037 5.846665999274238e-15 1.371821443550556e-16
6828.152123975947 5.585134405982189e-15 1.3847064536833833e-16
6831.775737062423 5.7870794028187044e-15 1.4173808421694012e-16
6835.399413925023 5.62727717737969e-15 1.4034262912724618e-16
6839.023627280658 5.478381401026064e-15 1.3702072865722604e-16
6842.6481634709335 5.8273372761026345e-15 1.371174754260277e-16
6846.272687871672 5.557403018101516e-15 1.3113687490541764e-16
6849.897566911418 5.595260023353782e-15 1.3112439645243383e-16
6853.522585641732 5.5262872587847564e-15 1.2917321336189394e-16
6857.147931915167 5.639058339487005e-15 1.3426944204052514e-16
6860.7734784486065 5.335695335806819e-15 1.3544750391701765e-16
6864.399234250668 5.226636739446815e-15 1.3308607191279287e-16
6868.025386979204 4.578133957854547e-15 1.2793547925785047e-16
6871.651638851169 4.481226703482892e-15 1.2505593707315774e-16
6875.278395179716 4.346278669734033e-15 1.1726446435703082e-16
6878.905263828465 4.511645809759494e-15 1.182251437800553e-16
6882.532447676298 4.915960855519764e-15 1.2316915993844877e-16
6886.160596690393 4.893308426671577e-15 1.2413989789105502e-16
6889.787376721559 5.073593653784633e-15 1.252475528309468e-16
6893.415197165654 5.052243973498293e-15 1.2423432577382274e-16
6897.0432762642595 5.023394902198048e-15 1.2527664751157794e-16
6900.671569115008 4.9604387451826095e-15 1.2360461931039183e-16
6904.300169812049 5.2208299270717366e-15 1.267203579686292e-16
6907.928908696481 4.87210986210778e-15 1.2540057609518074e-16
6911.5585956729265 5.492377116795593e-15 1.295309062385848e-16
6915.187294085522 5.619133059045877e-15 1.3168780241316878e-16
6918.816802460878 5.912205308794918e-15 1.3781076050401625e-16
6922.446580432766 5.7579244337748165e-15 1.3510645239264502e-16
6926.076652977817 6.101829721658662e-15 1.3736467034253593e-16
6929.706559716816 6.46098053511297e-15 1.404351448725346e-16
6933.337490950163 6.938940553568134e-15 1.4322953545281575e-16
6936.967992575733 7.301353406077552e-15 1.442705821759317e-16
6940.599268697349 6.8890983536134075e-15 1.4227509792966328e-16
6944.230291586815 5.6401365327726015e-15 1.35135475609758e-16
6947.86173925232 5.700159508730313e-15 1.3602460636343132e-16
6951.493493464286 6.495309291936472e-15 1.4149505060774947e-16
6955.125307865177 6.8007061895516784e-15 1.43038977824641e-16
6958.757949517551 6.843819001401472e-15 1.4109906998829065e-16
6962.3901409088885 6.919149106326573e-15 1.396637305475939e-16
6966.022656203305 5.758058055573551e-15 1.3146489543427902e-16
6969.655491170658 5.688291697901271e-15 1.304777830581939e-16
6973.288533334765 5.380757531463681e-15 1.3007625088047272e-16
6976.921964692518 5.316362341576549e-15 1.293827105530839e-16
6980.555447461509 5.436562846734138e-15 1.2989528711746065e-16
6984.18924817652 5.65847745540472e-15 1.3097763005921734e-16
6987.823159531648 5.479381358844752e-15 1.2804925673550007e-16
6991.4575707201375 5.191023825754095e-15 1.2394400646206525e-16
6995.092081617329 5.654443390857633e-15 1.2828988210441202e-16
6998.726761639243 5.4032146732661615e-15 1.2616572258791403e-16
7002.361739226682 5.3605602023908075e-15 1.2571065839849705e-16
7005.996903087602 5.489436729872081e-15 1.2773067543055842e-16
7009.632280450248 5.1582904020437276e-15 1.2547313810015867e-16
7013.267941689215 5.303506787262578e-15 1.2561072281749805e-16
7016.903825579373 5.467757008734935e-15 1.2659624708677995e-16
7020.540542969116 5.419798535175938e-15 1.2544388604780799e-16
7024.176231249267 5.322211476097925e-15 1.240157013235931e-16
7027.8126773703025 5.347546853444206e-15 1.238863909825524e-16
7031.449539155324 5.440123777986636e-15 1.256143416056184e-16
7035.086488220182 5.025448376396149e-15 1.2249926870608742e-16
7038.723724655333 5.394171906674145e-15 1.252405035691448e-16
7042.361140640949 5.3479735459862435e-15 1.2564728592713252e-16
7045.998639421365 5.48640426183981e-15 1.262414478725524e-16
7049.636518786751 5.446116667547417e-15 1.2602821842162334e-16
7053.274802177332 5.331038972728431e-15 1.2567556647750365e-16
7056.913104711685 5.386619922559544e-15 1.2600430430170626e-16
7060.5515469477605 5.183201465239191e-15 1.2309902652811557e-16
7064.19045559014 5.28868458763786e-15 1.2365692191380307e-16
7067.829374560565 5.440122477242019e-15 1.2521717412575603e-16
7071.468488108469 5.304433109155016e-15 1.235449717680815e-16
7075.108083067426 5.458486570717008e-15 1.2577154494536565e-16
7078.747725951753 5.173826230548933e-15 1.2329122740912799e-16
7082.3869422628995 5.309626350556882e-15 1.2367883388360691e-16
7086.027664970006 5.178079056739025e-15 1.2403898072417466e-16
7089.667968923931 5.294935451484225e-15 1.2414305175568503e-16
7093.308525149909 5.755323349713063e-15 1.282635754523302e-16
7096.949383800873 5.95405754728836e-15 1.2973155018927845e-16
7100.590228582152 5.9244392612316555e-15 1.2780566528423202e-16
7104.230962791904 5.555995065152264e-15 1.2477471621869333e-16
7107.8728048505745 5.772319582860422e-15 1.275692082711613e-16
7111.513805110443 5.589763406419605e-15 1.2554248242531914e-16
7115.15624426717 5.850133401991395e-15 1.2765325721902502e-16
7118.798223099583 5.826392715794434e-15 1.272023540539658e-16
7122.440453882901 5.281690649645487e-15 1.227786660883769e-16
7126.082633460638 5.326454521939598e-15 1.2231455641052624e-16
7129.72554018025 5.26169816501819e-15 1.2238378467639004e-16
7133.368635110879 5.1493359555874025e-15 1.213727685669356e-16
7137.011500198234 5.288873273684057e-15 1.2258084400412691e-16
7140.654757608424 5.177971123739292e-15 1.2259994167852677e-16
7144.298269585388 5.362763239092388e-15 1.230453023285898e-16
7147.941718638381 5.244801987746891e-15 1.220054940741038e-16
7151.585602676256 5.202913723823688e-15 1.2173797724780245e-16
7155.230087259388 5.521089795305327e-15 1.2405663431973911e-16
7158.8744114284855 5.38813534245054e-15 1.23397300701438e-16
7162.518819125118 5.291980029521841e-15 1.2167049178907685e-16
7166.163916815358 5.40418452652264e-15 1.2244473460782163e-16
7169.80863187925 5.12567610825281e-15 1.2059623404139762e-16
7173.453728753727 5.014916457422474e-15 1.1834963676026815e-16
7177.098985906681 5.0295126969166625e-15 1.1862438071001366e-16
7180.744742993169 5.013276473216382e-15 1.1799277183769986e-16
7184.390240530448 5.028061989739024e-15 1.1756053215446915e-16
7188.036738807051 5.2815949876749885e-15 1.1930179151383382e-16
7191.68279045961 4.739675516193601e-15 1.1478940128125314e-16
7195.32945276794 5.330634962601517e-15 1.1969620832941732e-16
7198.975566844468 4.92227942085272e-15 1.1631882270148471e-16
7202.622541614054 5.2557806066922276e-15 1.1967944902005483e-16
7206.269417054364 4.9992166134079144e-15 1.1720536832601877e-16
7209.916914795497 5.170704899617482e-15 1.188101110790555e-16
7213.564108624427 5.317308272722158e-15 1.203862712827429e-16
7217.211837681256 5.341117772119293e-15 1.2052235604143825e-16
7220.859682259571 5.305765261017651e-15 1.1973208438446209e-16
7224.5077794927665 5.1592128745352615e-15 1.1932147186442612e-16
7228.155930872314 5.081574988827309e-15 1.1851555495229737e-16
7231.804358363096 5.186952866018438e-15 1.2216679818100713e-16
7235.4527499518645 4.983466567522686e-15 1.2735866817802586e-16
7239.101564873191 4.759899711109405e-15 1.3155785127496136e-16
7242.7506256123925 4.638086993270125e-15 1.3280266138526038e-16
7246.3997682737545 4.779169475383991e-15 1.348312953061852e-16
7250.04922469855 4.545688939626371e-15 1.2795511902885494e-16
7253.698508037102 4.653690791137369e-15 1.2275440172896855e-16
7257.348825285822 4.512519852797752e-15 1.1596850751630959e-16
7260.998752665548 4.67560392425603e-15 1.1566208994656723e-16
7264.648813799655 4.87746171101065e-15 1.1635225631913027e-16
7268.299383432748 4.7908328789785664e-15 1.2030702887771357e-16
7271.949826393756 4.591894802553612e-15 1.2773044358961174e-16
7275.600644200032 4.8368966153091435e-15 1.303985122007545e-16
7279.251508497015 4.548880055830295e-15 1.3230791165452502e-16
7282.9027583414345 4.634954189553578e-15 1.3267987674051323e-16
7286.554063479961 4.644263670722637e-15 1.2273817584969402e-16
7290.205700406509 4.949918333657449e-15 1.226985019793016e-16
7293.857667335925 4.894519323766226e-15 1.2013605394318068e-16
7297.509418310529 4.578313113553652e-15 1.1571686315023525e-16
7301.161500902223 4.806932998004699e-15 1.183150072580623e-16
7304.814072567576 4.604588141769838e-15 1.1643458224353487e-16
7308.466494007118 4.587951453597952e-15 1.206006823878116e-16
7312.119171065289 4.643011317655342e-15 1.2582332649011874e-16
7315.772093090198 4.6207513423366e-15 1.2453705275948742e-16
7319.425176811131 4.447110203495736e-15 1.2331129053365968e-16
7323.07840471275 4.468091793998069e-15 1.264344760341918e-16
7326.732055162491 4.640582026161512e-15 1.2021542706312195e-16
7330.385679421904 4.471283914957801e-15 1.166926621372197e-16
7334.039449362348 4.654956765402712e-15 1.261871525604368e-16
7337.693364196739 4.473487702806101e-15 1.275069916565405e-16
7341.347724110088 4.829782116978044e-15 1.2759013814702137e-16
7345.0021006365205 4.481081277191434e-15 1.2489456660081163e-16
7348.656790811124 4.443373018590865e-15 1.2275416373342878e-16
7352.311642636998 4.340608312969438e-15 1.1409346204185378e-16
7355.966645982094 4.3249668498990955e-15 1.1429493409525016e-16
7359.621792782947 4.648004889574462e-15 1.173687628699371e-16
7363.2769303425775 4.5758363497599296e-15 1.2310982474070253e-16
7366.932558276542 4.493298873634101e-15 1.2387177149277478e-16
7370.588363011305 4.751923206793245e-15 1.2285855117048906e-16
7374.244229903534 4.4363227976237346e-15 1.201184678760212e-16
7377.900414373027 4.50314164664738e-15 1.1713048464037372e-16
7381.556761486358 4.354085419844635e-15 1.0966440720874077e-16
7385.213180275214 4.515435631204982e-15 1.124729175640078e-16
7388.869482279034 4.187796220394605e-15 1.104442525630447e-16
7392.526636620151 4.40797585728569e-15 1.128785791021442e-16
7396.184193973066 4.379957439285743e-15 1.1762802415903926e-16
7399.840933072702 4.169742215081231e-15 1.1571052888076465e-16
7403.498164141755 4.578175367450764e-15 1.1700630847791978e-16
7407.155685924473 4.300802584525244e-15 1.1498185537757783e-16
7410.81350495403 4.424271266322061e-15 1.1273272700110912e-16
7414.471353410864 4.470039548380657e-15 1.0967047554076939e-16
7418.129571231112 4.453032817097064e-15 1.0999185901569444e-16
7421.7874379286 4.148194440096234e-15 1.0719346480134716e-16
7425.446192473816 4.0809687585923045e-15 1.0800720334291537e-16
7429.104662884829 4.159060190212141e-15 1.0862746568507835e-16
7432.7636186153595 4.299461129441831e-15 1.1294241113993285e-16
7436.422654998345 4.320582355590637e-15 1.1269364401597776e-16
7440.081839773556 4.4850680978198e-15 1.1260766380128066e-16
7443.741219417378 4.428297446784255e-15 1.1207454401296783e-16
7447.400759512839 4.48658370852042e-15 1.1042718439385814e-16
7451.060516762783 4.43140622263754e-15 1.0862729022272785e-16
7454.719931249264 3.834566175581599e-15 1.038063693345786e-16
7458.380408897463 4.125190279369548e-15 1.0695245413630793e-16
7462.040553503411 4.032318260024989e-15 1.0698822152148068e-16
7465.700997866775 4.083508838871336e-15 1.0941666552707881e-16
7469.3614799254865 4.124539109326472e-15 1.105757146941401e-16
7473.022292486874 4.315273519152222e-15 1.143604826862854e-16
7476.683154003027 4.153454597409759e-15 1.144694560766692e-16
7480.344334422767 4.25484369537219e-15 1.1470257154395504e-16
7484.00558544448 4.0059304191561404e-15 1.1071913795593601e-16
7487.667093135879 4.329978128924752e-15 1.1232677770346437e-16
7491.328605423248 3.835852114620936e-15 1.0653660791534755e-16
7494.9906758193265 4.187036831322093e-15 1.071129306849613e-16
7498.649086154442 4.014453816535594e-15 1.0392580870361182e-16
7502.311247044681 3.9652635119856286e-15 1.0249196040228388e-16
7505.973851395648 3.944213692652798e-15 1.0264365473889056e-16
7509.6396038974435 3.867166129715392e-15 1.0317208043978545e-16
7513.302242827211 3.979326084803202e-15 1.045302309125717e-16
7516.964974290134 4.032797158088825e-15 1.117027499478639e-16
7520.627926386527 3.96540206320524e-15 1.139344956846875e-16
7524.291108332928 3.8822206413372195e-15 1.1511537364153008e-16
7527.95440886702 3.5932827624302235e-15 1.1288777234968283e-16
7531.618046356735 3.9131888875911124e-15 1.1294751141174261e-16
7535.281852495326 3.9918201415390284e-15 1.0734989994874581e-16
7538.9457461211 3.734354671471204e-15 1.0303389259828501e-16
7542.60963993759 3.832756050515179e-15 1.0237810310103005e-16
7546.273665711842 3.9975035357563694e-15 1.0323969856879209e-16
7549.938146942705 3.88269836900406e-15 1.0320794297833083e-16
7553.602926893107 3.835344232076745e-15 1.0374235150450338e-16
7557.268458298411 3.9025311274565765e-15 1.0350049728835146e-16
7560.932552182826 4.066553047535618e-15 1.0581212030949957e-16
7564.597458530627 3.692225665208931e-15 1.0720139703247178e-16
7568.263769693422 3.8229503847877975e-15 1.0936370582296921e-16
7571.92810741172 3.936968051219889e-15 1.0996213575099992e-16
7575.593521703411 3.826735691260152e-15 1.0924852562392734e-16
7579.2593970050475 3.862342000713727e-15 1.0862898897429051e-16
7582.925381571127 3.916984916342727e-15 1.0443072746412571e-16
7586.591453523752 3.9741138374175466e-15 1.0403859019173336e-16
7590.257894879571 3.2159595303819e-15 9.697288710724575e-17
7593.923851949015 2.5681857870586584e-15 8.791147645432862e-17
7597.589676826986 2.0299845727850015e-15 7.790461772291479e-17
7601.255912230423 1.327060922837971e-15 6.531534994748717e-17
7604.923512551538 1.0269525916869473e-15 6.184316491307118e-17
7608.590293198488 1.1457110419412956e-15 6.139802542826591e-17
7612.258137798493 1.6982626855036668e-15 7.215623485174158e-17
7615.924842207709 2.065428088036764e-15 7.835820527293189e-17
7619.5926494951955 2.4741822073006753e-15 8.439661682832885e-17
7623.260900846981 2.3259375998948008e-15 8.484890839856535e-17
7626.928766840566 2.043188195551858e-15 7.950486966234755e-17
7630.596895021144 1.95375050186909e-15 7.770901973009068e-17
7634.265068810178 1.9527687830387255e-15 7.74883899917737e-17
7637.933169035348 2.1824067679136926e-15 7.770990120295506e-17
7641.601982774981 2.1532783830738025e-15 7.806399761909628e-17
7645.270738387161 2.4716623366799357e-15 8.319759134789943e-17
7648.940444347503 2.7231775536670643e-15 8.618528894209919e-17
7652.608645487444 2.941468373529724e-15 8.952269244274567e-17
7656.277415324279 3.0426129136712843e-15 9.267924446622099e-17
7659.94713438184 3.1517825715652436e-15 9.472082397200208e-17
7663.616291673754 3.1447273192952993e-15 9.330714875888147e-17
7667.285972564979 3.423933821874809e-15 9.636604062294869e-17
7670.956126705997 3.3081962367015875e-15 9.500555782109686e-17
7674.626027665008 3.3898234140868617e-15 9.597273587956382e-17
7678.296241601623 3.5208146671484876e-15 9.825193745637962e-17
7681.966541636282 3.687921606528799e-15 1.0070705867583433e-16
7685.636958565701 3.557800412602608e-15 1.0031840345538533e-16
7689.307568995969 3.668337811654508e-15 1.018692614154575e-16
7692.978330728971 3.603754139108478e-15 1.0240859925391206e-16
7696.648334222731 3.852757290744568e-15 1.4216136769673553e-16
7696.650430311633 3.579193924283172e-15 1.4519119509563218e-16
7700.320398336784 3.682856055595578e-15 1.0129118033812438e-16
7703.991531831826 3.7739902750299006e-15 1.0702662468123887e-16
7707.662793910823 3.526877507660823e-15 1.1307891940586833e-16
7711.334344576516 3.9311867785816696e-15 1.220348260531088e-16
7715.00607098679 3.92908323939599e-15 1.2348094898695403e-16
7718.677929460667 3.599316264179918e-15 1.212775169443862e-16
7722.350076661888 3.5505386348771717e-15 1.1354069225675197e-16
7726.022430163474 3.664688057314262e-15 1.0566393555360054e-16
7729.694811467568 3.673350802319055e-15 1.0394807807657723e-16
7733.3672541682745 3.584929304205937e-15 1.0115859008396517e-16
7737.04005274841 3.5040084375492184e-15 9.916639475402532e-17
7740.7124236524305 3.6087393549983636e-15 1.0478080240754455e-16
7744.385675528175 3.832742645362234e-15 1.1749905807445037e-16
7748.058131703094 3.746695151919953e-15 1.1755452406608417e-16
7751.732001706375 3.7438615524208656e-15 1.1982064731683663e-16
7755.405460918084 3.6324189277057804e-15 1.2064095126153243e-16
7759.079238066503 3.667799888753484e-15 1.0972632612583637e-16
7762.752997333676 3.495451478743089e-15 1.043571374150872e-16
7766.426919606196 3.4604308953797083e-15 1.0429970185405988e-16
7770.100785476852 3.542346085606028e-15 1.0070617273440259e-16
7773.77520343105 3.719125746525333e-15 1.0535555949170513e-16
7777.449701371505 3.705175971286204e-15 1.0550157731766538e-16
7781.1237244385475 3.4595798079789925e-15 1.0158544791945044e-16
7784.798481908651 3.606514280644146e-15 1.0748136242200997e-16
7788.473511440409 3.726517856793599e-15 1.1315140497183196e-16
7792.148674447609 3.757762986821396e-15 1.1210064436596123e-16
7795.82375282773 3.5494864902050816e-15 1.1062431985048598e-16
7799.4991225852045 3.650463673441863e-15 1.118494449749504e-16
7803.17438410878 3.695523362388222e-15 1.0474952783292955e-16
7806.850228298146 3.5017151917408974e-15 1.0181661498241824e-16
7810.525948990519 3.4164395483630616e-15 1.0423042945950521e-16
7814.201738388747 3.63085332359626e-15 1.152884757929208e-16
7817.8779080504055 3.4930446433898347e-15 1.120440277586379e-16
7821.554137280202 3.6798806854195936e-15 1.1288378736481082e-16
7825.230511010298 3.5356476893518693e-15 1.1257987043826422e-16
7828.907248206646 3.5373602902183578e-15 1.039383975734746e-16
7832.583935029498 3.49594858719127e-15 1.0017013941991078e-16
7836.26072435758 3.338441278631486e-15 1.0013805368021021e-16
7839.9376935771315 3.522386650033331e-15 1.027190806163185e-16
7843.614708731468 3.621615728337665e-15 1.1086074940907241e-16
7847.2919292564075 3.5070564228527696e-15 1.1709452212188353e-16
7850.969362808473 3.651871145931599e-15 1.1901811379245987e-16
7854.643377427032 3.550341854880184e-15 1.2104775151746327e-16
7858.3203293001025 3.613167144620297e-15 1.1975992666440748e-16
7861.9979636878925 3.267479169321274e-15 1.111984741842193e-16
7865.678566799088 3.472917964642988e-15 1.0979333441266442e-16
7869.357502917717 3.652934071515926e-15 1.097273445962743e-16
7873.036395573714 3.341416620909172e-15 1.0942447811992807e-16
7876.715293737213 3.504223536823587e-15 1.0809930404519826e-16
7880.394417052784 3.2827497669160536e-15 1.0566574863078174e-16
7884.073120551909 3.555159734739175e-15 1.101414653067959e-16
7887.75224678054 3.4495692101311496e-15 1.0589013022721781e-16
7891.431341826578 3.4767849136655802e-15 1.0447446042699385e-16
7895.11051742926 3.643367755047764e-15 1.0365334406740839e-16
7898.790157688838 3.3589484298369994e-15 9.648533137819125e-17
7902.469518852687 3.5309364385795195e-15 1.0278125867981196e-16
7906.149016495563 3.541127382274522e-15 1.185024547000217e-16
7909.828859046336 3.3353172878995415e-15 1.1932135355971303e-16
7913.508762511197 3.272139002983767e-15 1.2391605546814376e-16
7917.188967177914 3.4841304059936023e-15 1.259401698054073e-16
7920.868685292619 3.333797522550211e-15 1.1350817179740673e-16
7924.549712485465 3.472212727279873e-15 1.102759105695397e-16
7928.230529458351 3.34093829526836e-15 1.0349659649508198e-16
7931.911331686402 3.4300379025289366e-15 1.0099631560397377e-16
7935.5922041434915 3.5057906903710316e-15 1.0235810625860494e-16
7939.2732631744875 3.3611823615765747e-15 9.957511526959531e-17
7942.9544052564615 3.4911089236399717e-15 1.0158681259702592e-16
7946.635006786301 3.1460341792682672e-15 9.75071932595043e-17
7950.317146574639 3.1652707322349894e-15 9.850707115616182e-17
7953.998940752919 3.536362290725302e-15 1.0620875877308129e-16
7957.680397928404 3.513849893310624e-15 1.129793050212369e-16
7961.362366034296 3.3743308202742688e-15 1.1123661603622503e-16
7965.044336037603 3.305691174642643e-15 1.11928502749993e-16
7968.72661199426 3.4350448827140687e-15 1.1407662261754773e-16
7972.40903876508 3.400939987416951e-15 1.0660522841574465e-16
7976.091645389206 3.326213876723633e-15 1.0212436826830649e-16
7979.77418556932 3.4004991411092576e-15 1.0450428335114715e-16
7983.456930609181 3.617044896390994e-15 1.147268317058665e-16
7987.139796963185 3.3352406846341906e-15 1.143367276842966e-16
7990.822519378362 3.6366567952546995e-15 1.1505308524389104e-16
7994.506106963327 3.1468196748214123e-15 1.1190690957407806e-16
7998.189701872107 3.5749146578966904e-15 1.1099173687084124e-16
8001.8733428466885 3.187299107123778e-15 9.497867282692899e-17
8005.556982062406 3.3562073343954133e-15 9.923671455245075e-17
8009.2407918554745 3.244084887217062e-15 9.894211293182062e-17
8012.924751065267 3.3702533862740053e-15 1.003110446223591e-16
8016.608657824453 3.26527215283847e-15 1.099307595165281e-16
8020.292969961189 3.2697212726219007e-15 1.0924486282742e-16
8023.977354139209 2.9454007832953315e-15 1.0430323960870793e-16
8027.661936762196 3.231441660727917e-15 1.0701281044153825e-16
8031.347143385299 3.3163608100518475e-15 1.0232993194766941e-16
8035.031775104228 3.1328958804634085e-15 9.276373666632691e-17
8038.717689142153 3.197291091277394e-15 9.255918670945328e-17
8042.401223681215 3.258248633019492e-15 9.550354917875502e-17
8046.087109610715 3.206928352440249e-15 9.575071003750126e-17
8049.7724382339065 3.023618370108958e-15 9.509714462447728e-17
8053.457927497497 3.1466301736464803e-15 1.0127623570510296e-16
8057.143722794276 3.2815847861246773e-15 1.0143968320686473e-16
8060.8295809987685 3.2478009977987916e-15 9.925812577999264e-17
8064.514882999538 3.4964635405834413e-15 1.0065969530558943e-16
8068.2017788861085 3.239032914844973e-15 9.55125636524928e-17
8071.8881894146 3.194011233088298e-15 9.298127486030219e-17
8075.574626083473 3.320946631589696e-15 9.392380493091295e-17
8079.261216853277 3.180530605687176e-15 9.297905773263814e-17
8082.947201269388 2.885187289158335e-15 9.017191233023937e-17
8086.634644917129 3.138380737197752e-15 9.365602867229503e-17
8090.321746922403 3.0725297928777806e-15 9.36331321934625e-17
8094.008861630253 3.1604568104509313e-15 9.604260327695745e-17
8097.696166236738 2.988164160082015e-15 9.422193861386117e-17
8101.383595873271 3.174878295651403e-15 9.453973867944078e-17
8105.071312458792 3.2583259123711015e-15 9.542887852736089e-17
8108.759040018236 3.047078694904783e-15 9.159489936031527e-17
8112.446948007504 3.198715185623702e-15 9.165961657544469e-17
8116.134350128559 2.9157874833763022e-15 8.898518724434486e-17
8119.823149323689 3.0439217771316556e-15 9.041783290731985e-17
8123.511459184935 2.8613489923039464e-15 8.842636748835282e-17
8127.199882102467 2.938338748057455e-15 8.985968242898618e-17
8130.88828660207 3.0276636652538847e-15 9.028987581884236e-17
8134.577223183273 2.8131450496030796e-15 8.8353995963652e-17
8138.266111692453 3.0312362493550082e-15 9.190347796797715e-17
8141.955121828095 3.0355298808801056e-15 9.110073895625129e-17
8145.644371576843 2.8022787395882376e-15 8.83381390132146e-17
8149.333466092241 2.89813955135187e-15 8.820441570455337e-17
8153.023577479057 2.9102454218085456e-15 8.789055441889739e-17
8156.712792536664 2.887149166376273e-15 8.731738308310485e-17
8160.402340648056 2.8103643160227643e-15 8.668988249821274e-17
8164.092050208035 2.669515658344614e-15 8.504123795086871e-17
8167.78213218132 2.946634347388763e-15 8.761968720933051e-17
8171.47267883229 2.8517596650620775e-15 8.72001615740124e-17
8175.162986887659 2.9173157616684663e-15 8.81378470438755e-17
8178.853489852614 3.0006890487955704e-15 8.93243363574037e-17
8182.543554298535 2.854993869235503e-15 8.816342355607282e-17
8186.234766126282 2.7107746273211554e-15 8.766632062554979e-17
8189.925218559548 2.8528892324520454e-15 8.956397221567928e-17
8193.616607456139 2.889423200674477e-15 8.902362168267404e-17
8197.307921043928 3.1148555516047335e-15 9.164097140496776e-17
8200.999386866015 2.973695666163758e-15 8.935636955016295e-17
8204.690763141756 2.92668871496494e-15 8.867033768451137e-17
8208.38240011617 3.073471998313549e-15 9.054295765018827e-17
8212.074158428535 3.0070606005417233e-15 8.941065984436675e-17
8215.76551665443 2.9936564347686926e-15 8.875301607351472e-17
8219.458136146608 2.727233284252472e-15 8.528110398312924e-17
8223.150299929695 2.7169487622291595e-15 8.504159603140762e-17
8226.842411160944 2.7790857194171276e-15 8.553029135702021e-17
8230.535108359029 2.7067634112923273e-15 8.579724089307821e-17
8234.227764735566 2.6539121270513505e-15 8.540398808034387e-17
8237.920423907775 2.914405665698107e-15 8.878293259537194e-17
8241.61344448905 3.1339403577035057e-15 9.145705890387937e-17
8245.306514299702 2.766410696249675e-15 8.69315147478929e-17
8248.999645986545 2.894131324556186e-15 8.906574545589816e-17
8252.693019728771 3.078859235719402e-15 9.099320641957489e-17
8256.38654158005 2.909798239601212e-15 8.885572407385809e-17
8260.080119582708 2.8236749782636523e-15 8.795866274881045e-17
8263.773842288003 2.7354662698222457e-15 8.696433101341927e-17
8267.468238336678 2.9138068296632977e-15 9.367029183682383e-17
8271.161556511937 2.6390137344233356e-15 9.82909871316728e-17
8274.855637763052 2.6892857075565258e-15 1.0350576869460835e-16
8278.549963445177 2.8298291670693524e-15 1.1246495303038878e-16
8282.2444206841 2.5445900117222003e-15 1.095476698234665e-16
8285.939042149475 2.7803234797381388e-15 1.1375502977877646e-16
8289.633574662425 2.6079777225488875e-15 1.1436295335394142e-16
8293.32885308649 2.6416341805450677e-15 1.0753374560070987e-16
8297.023905444938 2.915614511188678e-15 1.0923170676123148e-16
8300.719188589726 2.9728822015985137e-15 1.0836561449453255e-16
8304.41472622905 2.7827584705177714e-15 9.514037325301076e-17
8308.110267655784 2.8639200403390495e-15 9.385498158478193e-17
8311.80597050191 2.7731088366396865e-15 9.141762718798542e-17
8315.50153216821 2.7267483664142733e-15 8.735608229675022e-17
8319.19852821856 2.8528333890322515e-15 8.765399955139556e-17
8322.893781468667 2.669411152917617e-15 8.597160843307587e-17
8326.589351204035 2.7944157148803035e-15 8.851831013457151e-17
8330.286006856131 2.9740351887463448e-15 1.017776170247834e-16
8333.982330985269 2.830240802627643e-15 1.227913654124377e-16
8337.678983144588 2.9354660757187535e-15 1.2665672848104095e-16
8341.375751377236 2.9625399828239345e-15 1.320045583394656e-16
8345.072720550073 2.8290065915505684e-15 1.3060250571125298e-16
8348.769989656234 2.7070285376569435e-15 1.1041679575412517e-16
8352.467268086153 2.8154884428972386e-15 1.0411928877976237e-16
8356.16479516748 2.840986182340133e-15 9.88183830480552e-17
8359.86240240231 2.9556740526218382e-15 9.451917215382012e-17
8363.560054213669 2.8041747106883158e-15 9.383380446303736e-17
8367.25783519291 2.8880095096186377e-15 9.3860263278451e-17
8370.955750892781 2.948730928120397e-15 9.881800374888233e-17
8374.65377444008 2.6797983387010875e-15 9.622899309268447e-17
8378.352037220686 2.8001983680724495e-15 9.775027921577975e-17
8382.050403623047 2.766221860879734e-15 9.816408319494652e-17
8385.748789051362 2.889056870235934e-15 1.0831657222619193e-16
8389.447381074526 2.6722557401830525e-15 1.1367823243500938e-16
8393.146234038715 2.7179965796949094e-15 1.1305731974848498e-16
8396.845189939988 2.7585358721103224e-15 1.1523948412798593e-16
8400.544378425015 2.6441068958456676e-15 1.1020529390935574e-16
8404.24380494567 2.8721745312404233e-15 1.0168889258189835e-16
8407.943241054863 2.8148556671477915e-15 9.886553715865033e-17
8411.642741761189 2.9546919438791264e-15 1.0122656409163735e-16
8415.342303827316 2.9331479070570916e-15 1.0927845680271714e-16
8419.042002889526 2.6225031412296813e-15 1.179370437015261e-16
8422.742091411019 2.975528615564186e-15 1.1901599493881421e-16
8426.442185736336 2.9672119136933714e-15 1.1984793933412511e-16
8430.142588867711 2.9675480543630014e-15 1.1568468739377081e-16
8433.843214712302 2.6752274792087157e-15 9.639964930656465e-17
8437.543446301297 2.868594839429793e-15 9.268570040474372e-17
8441.244457867744 2.937476806353672e-15 9.976707437628831e-17
8444.945396157498 2.818721429028551e-15 9.827345993314142e-17
8448.646219276532 2.6638145231030626e-15 9.909218724022229e-17
8452.347317059948 2.852141616090453e-15 1.1156290734072748e-16
8456.048614621399 2.686827016601368e-15 1.0927998867908254e-16
8459.750107185602 2.7664315274071278e-15 1.0902838999105336e-16
8463.45170404655 2.779995985329426e-15 1.0952463571510627e-16
8467.1536792628 2.7157020382535578e-15 9.977812820251008e-17
8470.85577417083 2.7337275325795862e-15 8.826200939065213e-17
8474.55792527167 2.8351199349436152e-15 8.887061292107279e-17
8478.259919882305 2.6347063371355984e-15 8.871512466621924e-17
8481.962200009175 2.8102295468145883e-15 9.383610608853719e-17
8485.664336546666 2.8493745670709843e-15 9.507563770144064e-17
8489.367221154565 2.734618145654914e-15 9.83043535914381e-17
8493.06991592665 2.8307898392430923e-15 1.0453581874512856e-16
8496.772907017586 2.884657919972187e-15 1.026023378407946e-16
8500.475942835612 2.5383320902379433e-15 9.818873016233852e-17
8504.179274341734 2.7580491707700664e-15 9.734852160005148e-17
8507.88281015428 2.6513039076391712e-15 8.99341682904127e-17
8511.58643826592 2.524819439849974e-15 8.499866351201832e-17
8515.29005506184 2.6724044934051644e-15 8.733048287951766e-17
8518.99419417395 2.6473814416032266e-15 8.646432075603963e-17
8522.697884226467 2.6675059110591816e-15 8.753046398233646e-17
8526.401473909595 2.4247304658837255e-15 8.620894665061615e-17
8530.107261763429 2.551605609953505e-15 8.833985430473287e-17
8533.81054983014 2.6892447549889025e-15 9.229971843780363e-17
8537.515015483948 2.6051487265511174e-15 9.325240978390133e-17
8541.220775862275 2.6931661300678056e-15 9.31235019133595e-17
8544.924654421322 2.7999043095144467e-15 9.380279118233499e-17
8548.62976645938 2.7652463259511095e-15 9.219590659909942e-17
8552.335020415154 2.6972009926865032e-15 8.805868838308282e-17
8556.040300228065 2.7151355374364417e-15 8.743376140765208e-17
8559.745482189372 2.487346383369116e-15 8.556620118784763e-17
8563.45127723818 2.584470996881686e-15 8.773685446911645e-17
8567.156962954128 2.756819828146238e-15 8.859221085887306e-17
8570.863013271952 2.56255724878548e-15 8.610049807425629e-17
8574.568836870454 2.589166991216923e-15 8.779906701140323e-17
8578.275241280442 2.6775309130230434e-15 8.945126807999833e-17
8581.981589582045 2.819686234815771e-15 9.157416013565405e-17
8585.688055317247 2.6029696611428558e-15 9.084202104344904e-17
8589.395877244455 2.7087437842819204e-15 9.134632100068219e-17
8593.101612058175 2.633772435011842e-15 8.951276887911468e-17
8596.80869137957 2.692107746688438e-15 8.939536902799017e-17
8600.515791945701 2.5638385364693234e-15 8.709917569116215e-17
8604.223051369065 2.774463102096676e-15 9.136896125121363e-17
8607.930253445902 2.5049948171681562e-15 9.076054914177035e-17
8611.63785340686 2.5549836601433436e-15 9.449680674265091e-17
8615.345415563912 2.5801948826484716e-15 9.727101272270059e-17
8619.05343902427 2.5090811917048553e-15 9.782609452438568e-17
8622.761456862061 2.6158451817396617e-15 9.919970441474155e-17
8626.470859706225 2.5935139075932945e-15 9.885521616823802e-17
8630.1780170039 2.438263181723935e-15 9.473067903183858e-17
8633.886572370055 2.6021139813296634e-15 9.602966158017904e-17
8637.595184432048 2.5997894456781515e-15 9.617841268047691e-17
8641.303964278211 2.35894011022487e-15 9.527662264693256e-17
8645.012904997207 2.5407607850497398e-15 9.845741811019704e-17
8648.72157563704 2.688669849957571e-15 1.0105097177396952e-16
8652.431283419812 2.4960063072280094e-15 9.877195824926781e-17
8656.140879599203 2.5877026171228347e-15 9.862206140673802e-17
8659.85035040789 2.4942472282468205e-15 9.660664846723709e-17
8663.560163263544 2.5786480177879174e-15 9.527946594430605e-17
8667.27001779167 2.4577732915594556e-15 9.382280876984763e-17
8670.979448653165 2.4880923993645537e-15 9.261432683007107e-17
8674.690325579268 2.5736775646804645e-15 9.226780157956601e-17
8678.400752789774 2.523814162040846e-15 9.056173189650104e-17
8682.111243448006 2.478945102808972e-15 8.98218097160968e-17
8685.821923296557 2.518362674311946e-15 9.032744082954962e-17
8689.532743466358 2.6486063350712564e-15 9.14769879752236e-17
8693.243757687753 2.5776353129274745e-15 9.063850633574041e-17
8696.954312734943 2.7176821295468026e-15 9.123832526919067e-17
8700.665429273904 2.7740878887962938e-15 9.25395295928e-17
8704.378971731574 2.5060089410633502e-15 9.014144364373396e-17
8708.089279327663 2.7017574011116656e-15 9.081699931660186e-17
8711.80107986633 2.5364361803985003e-15 8.92796850132211e-17
8715.512961338884 2.7144682445853905e-15 9.068334853179489e-17
8719.225046346937 2.8826130141080314e-15 9.310286016590123e-17
8722.936847050374 2.4513913611478123e-15 8.86857621603731e-17
8726.649963514514 2.615624827052341e-15 8.990097043423284e-17
8730.362225278064 2.501973960696318e-15 8.859132837320188e-17
8734.074893014833 2.45035072002833e-15 8.840753721789332e-17
8737.787808679084 2.5718968852305904e-15 8.996064038491698e-17
8741.500546383557 2.7157022618979614e-15 9.738953694751488e-17
8745.213583669956 2.559024342309502e-15 1.0791157788414071e-16
8748.926811678397 2.595156099732462e-15 1.1799914065499575e-16
8752.64021617582 2.2996520309796645e-15 1.269164783636932e-16
8756.353948364886 2.6592528680351382e-15 1.3061158395846355e-16
8760.067701165335 2.2995887573110266e-15 1.300841365200541e-16
8763.781755953261 2.390904458590941e-15 1.3389507913506403e-16
8767.496014106755 2.5199911257212267e-15 1.2349021008147483e-16
8771.210268235436 2.4191585798738547e-15 1.1868581569905908e-16
8774.924799910168 2.6975612202780208e-15 1.1808700596164605e-16
8778.639603931146 2.372476664150129e-15 1.0213102327514148e-16
8782.354673275326 2.6665244042046694e-15 1.001192749139098e-16
8786.06944112883 2.261092947198216e-15 9.522710139990633e-17
8789.784720628022 2.466724243275181e-15 9.414796052611157e-17
8793.500094285533 2.4193731333710187e-15 8.979286916789801e-17
8797.215584115203 2.5232503798300554e-15 9.050020541718835e-17
8800.931104359726 2.442578383525719e-15 9.111442840646087e-17
8804.646699699768 2.2968020496417856e-15 9.262685336190023e-17
8808.362197433024 2.2127435520637732e-15 1.1571815732484684e-16
8812.078245707711 2.5610056403844346e-15 1.4147658120063213e-16
8815.79450034119 2.400143007353414e-15 1.4451731858284744e-16
8819.510637159276 2.214657335308252e-15 1.505955541971055e-16
8823.22757636336 2.309975125008325e-15 1.4609473917951636e-16
8826.944493842706 2.433580297422537e-15 1.2094044777763653e-16
8830.661512948636 2.5238125981743812e-15 1.1385947116314586e-16
8834.378646673595 2.3559705008999544e-15 1.0599644092397872e-16
8838.096097354834 2.6151675368419692e-15 1.0021495938228884e-16
8841.813581288092 2.4364259065588207e-15 9.794736607973419e-17
8845.531075698715 2.439719693857649e-15 9.75241654655479e-17
8849.248692471945 2.475447583283199e-15 1.0177067108780458e-16
8852.966616991838 2.518947939721508e-15 1.0573583973476322e-16
8856.6845992844 2.26195626789006e-15 1.0378232127525119e-16
8860.40338386255 2.4117336853545105e-15 1.0507018130343341e-16
8864.120969540545 2.3053032560680388e-15 1.0372876445085074e-16
8867.839670708163 2.651715294080663e-15 1.228687950701809e-16
8871.55842497886 2.3998493312006576e-15 1.2878169897801278e-16
8875.277286558987 2.4820488144246175e-15 1.3030504319778124e-16
8878.996427231961 2.3847919433158513e-15 1.2884531544616372e-16
8882.714100300072 2.498047451948602e-15 1.6832153125524473e-16
8882.7175898244 2.4368139483826465e-15 1.697260402185016e-16
8886.435392677167 2.5324016943377564e-15 1.1015602334611187e-16
8890.15482401638 2.3211505083348063e-15 1.0823453994853604e-16
8893.874701829922 2.362046010539291e-15 1.0883256196134312e-16
8897.594440254794 2.3447449685449013e-15 1.118978974104144e-16
8901.314516223689 2.6546208134884064e-15 1.3082071660737834e-16
8905.034688979089 2.3929042515310886e-15 1.3450592917936337e-16
8908.755218431796 2.480562106608247e-15 1.3384985699611467e-16
8912.4757321147 2.1130899520988546e-15 1.3029358392120048e-16
8916.19689275589 2.4560916678160147e-15 1.1888429131726194e-16
8919.917947690079 2.190600684375927e-15 9.368114043475986e-17
8923.639098799047 2.5150157377788943e-15 1.0194203161937133e-16
8927.359884605856 2.1884422189415188e-15 1.0391355704713798e-16
8931.081346708977 2.3509736624775926e-15 1.0597816674395101e-16
8934.803277007592 2.2962035137300794e-15 1.0796876292021447e-16
8938.525101139881 2.2012774869084638e-15 1.1930211742676284e-16
8942.246923072573 2.1816627594521305e-15 1.2458789933345427e-16
8945.969181153903 2.3504363489884222e-15 1.2341216480451462e-16
8949.691424015211 2.0344863350941714e-15 1.2108714810936298e-16
8953.4143563625 2.3860715768339062e-15 1.1477696852132701e-16
8957.137102435612 2.0375963643888194e-15 9.250478310664641e-17
8960.860115218538 2.2411935534316556e-15 9.091041369384063e-17
8964.583059711498 2.2470587267516926e-15 9.21111598756723e-17
8968.306235408623 2.1726287747222032e-15 9.46055095461696e-17
8972.029790309742 1.828532457640726e-15 9.637322870590444e-17
8975.753035403997 2.0229331066704853e-15 9.825902205087682e-17
8979.476622116932 1.9677260154702566e-15 1.0225042992578454e-16
8983.20047594123 2.101052363878833e-15 1.1203539648088554e-16
8986.924656012488 2.0939792659114447e-15 1.1006105427065777e-16
8990.648932582146 2.0878153951356057e-15 1.0835545183103883e-16
8994.373476176019 2.0146653573366562e-15 1.0529312867918833e-16
8998.099211883773 2.02580847972054e-15 9.420121838202004e-17
9001.823298872072 2.080554727786574e-15 8.927140351137107e-17
9005.548287596243 1.9090780547891286e-15 8.572412970058841e-17
9009.273416054015 2.0699018258289887e-15 8.891788054914176e-17
9012.999837135436 1.7552698785348649e-15 8.657903461783854e-17
9016.724113967452 2.038317979576136e-15 9.219586799501026e-17
9020.449845551813 2.215260888950096e-15 9.72701501115176e-17
9024.175681740431 2.1127220473770294e-15 9.673884666451122e-17
9027.90155234913 2.1816687878735142e-15 1.0179511761496516e-16
9031.627874536629 2.2925115130744812e-15 1.0718265005658131e-16
9035.3542947166 2.062812915786153e-15 1.0194699250806688e-16
9039.08052940259 2.4358822488743204e-15 1.0556435238830784e-16
9042.80785993424 2.2950518444280456e-15 1.024431789017762e-16
9046.5351502717 2.1248802593636617e-15 9.655576413118841e-17
9050.262353776536 2.5163871872884223e-15 9.788377088003077e-17
9053.989450880275 2.1272870027542905e-15 9.28532243406583e-17
9057.717042599923 2.236636917074109e-15 9.326005049494863e-17
9061.444770088798 2.208937275420049e-15 9.180762020307669e-17
9065.172566076768 1.964127793972594e-15 8.954792441294736e-17
9068.900407975978 2.0815802928595097e-15 9.173170351466848e-17
9072.628901050484 2.106813771774464e-15 9.416184807308366e-17
9076.357271305706 1.980278252409213e-15 9.340897443252287e-17
9080.085906583628 2.3082971743530897e-15 9.896367277396921e-17
9083.814387326902 1.984499237599175e-15 9.768882538603756e-17
9087.543673434699 2.0179878927336407e-15 9.678349806691025e-17
9091.272885541965 2.0511611245290964e-15 9.70869155756895e-17
9095.00231212915 2.0225138303513455e-15 9.540349299091876e-17
9098.732056140345 2.244656512732996e-15 9.492192662510482e-17
9102.461561306027 2.3216598063273358e-15 9.530753034694923e-17
9106.191944387316 2.389722995149836e-15 9.611332776212376e-17
9109.921818057552 2.108988636564705e-15 9.269666938090487e-17
9113.652056131721 2.028629650924074e-15 9.21043711186562e-17
9117.382705544218 2.048685899474855e-15 9.196870296600224e-17
9121.11342244549 2.0150048973097935e-15 9.211242070538428e-17
9124.84302517598 2.0407319032091153e-15 9.406954097384676e-17
9128.57503052274 2.0271537731428727e-15 9.334868618995218e-17
9132.30669744641 2.102208644544382e-15 9.605126241417748e-17
9136.037977055294 2.0081620644922097e-15 9.648391201961477e-17
9139.76959017555 1.95125180119455e-15 9.644483699616014e-17
9143.501513473386 2.078600649579767e-15 9.802655194035025e-17
9147.233474024672 1.836917015694246e-15 9.458412331967073e-17
9150.965338864871 2.1227260160313004e-15 9.763024934580332e-17
9154.698235625263 2.255481759985409e-15 9.823031698513439e-17
9158.430463507711 2.108593962579268e-15 9.576755872064126e-17
9162.163708093716 2.0605494419470484e-15 9.605791190600566e-17
9165.898003227041 2.103834974994532e-15 9.523952488996955e-17
9169.629921672678 2.0413052312703675e-15 9.585335076257718e-17
9173.364793776738 2.180953010649064e-15 9.777918307056136e-17
9177.09702387375 2.303734062454478e-15 9.917281584578316e-17
9180.830224824622 2.322973023172346e-15 1.0034542069802806e-16
9184.56547037107 2.325840589007411e-15 9.963060887728777e-17
9188.299256518467 2.2536850764751066e-15 1.0003887569123823e-16
9192.033211133741 2.338638793453492e-15 1.0146278453353098e-16
9195.767998499881 2.4162356942914104e-15 1.0309454918403308e-16
9199.502700654859 2.271384911806289e-15 1.0235035769467954e-16
9203.237815533157 2.5438054075972597e-15 1.0696153963516974e-16
9206.972687621888 2.240794296887523e-15 1.0395298498107587e-16
9210.7082322232 2.126164854776795e-15 1.0171072315105137e-16
9214.443898693567 2.2104158482081376e-15 1.0152415748175282e-16
9218.17970986863 2.292427393838453e-15 1.0241697196983858e-16
9221.916327960982 2.3365858507241194e-15 1.0195166907299596e-16
9225.651300426354 2.1617733693950125e-15 9.983640940319246e-17
9229.38816150888 2.1014979248976484e-15 1.00313457154239e-16
9233.125075280826 2.501401299695571e-15 1.057423594055822e-16
9236.861686303735 2.1798196073119877e-15 1.0197521056148992e-16
9240.59789306454 2.1320278147376703e-15 1.0153752078881117e-16
9244.33621566018 2.4393858543247117e-15 1.0649593548008325e-16
9248.073224011227 2.270357929228215e-15 1.0373538158647055e-16
9251.810777212433 2.3610342215957832e-15 1.0470977866894878e-16
9255.548278556389 2.189601556098477e-15 1.0298634439383732e-16
9259.286568991887 2.1491102681139116e-15 1.0221454484534221e-16
9263.024694247017 1.9766676737452377e-15 1.0261155278658552e-16
9266.763099608435 2.0768284980047126e-15 1.0371858248538057e-16
9270.50182084793 2.2587039753371823e-15 1.0784645420235736e-16
9274.24050067302 1.980742209144988e-15 1.0438381723710085e-16
9277.979580367148 2.1127479762769665e-15 1.0861525435274301e-16
9281.718487886286 2.0822788845370477e-15 1.2053557376681848e-16
9285.457789035594 1.8825274798101625e-15 1.3671642081573832e-16
9289.19724911192 1.6740993339732004e-15 1.5705234501081576e-16
9292.937188989157 1.6386688764343048e-15 1.6770578983586182e-16
9296.677176730174 1.4400386476157786e-15 1.6840864049623858e-16
9300.417586645739 1.6462539749960091e-15 1.7198603870844291e-16
9304.158137105902 1.6096424740066107e-15 1.5769369173252554e-16
9307.899039423512 1.828494390794441e-15 1.4389190385595448e-16
9311.639822455432 1.3302639698102292e-15 1.3155844213960586e-16
9315.381165378627 1.245571918436964e-15 1.2072546687300272e-16
9319.122494442792 1.2402248302830374e-15 1.0597300418452689e-16
9322.864253516758 1.5142660385579108e-15 1.090922120769792e-16
9326.60600016783 1.3881166916262559e-15 1.0474796911262861e-16
9330.348279503698 1.4492085559850786e-15 9.994142296595767e-17
9334.09025998251 1.4355942556923749e-15 9.804404988310839e-17
9337.832770125995 1.5624002242968465e-15 1.0159109269104148e-16
9341.575293344944 1.3215471377712716e-15 9.794196642383954e-17
9345.318175579818 1.3962500208350205e-15 1.040717270000342e-16
9349.060747456228 1.453369271105288e-15 1.3692741151917577e-16
9352.804052589541 1.8123806579166893e-15 1.8010504208829775e-16
9356.547560552992 1.5214662270611949e-15 1.8610910506498337e-16
9360.29131872735 1.453287227266445e-15 1.8456843401186918e-16
9364.035316030602 1.2655387323826795e-15 1.6737840201932697e-16
9367.77993884771 1.9923521373246797e-15 1.395416510114854e-16
9371.524453976415 1.8851377769467286e-15 1.1731048945107024e-16
9375.269006441746 2.044565613875163e-15 1.2179372004839822e-16
9379.013755027414 1.9252848144620307e-15 1.2416664829341963e-16
9382.75876992977 1.8315794057188793e-15 1.227845126106497e-16
9386.504062155587 1.9602436030719185e-15 1.2397860144232643e-16
9390.249503504048 1.875996643208284e-15 1.2228746963604152e-16
9393.995079733579 1.6150137646081642e-15 1.2388726403459723e-16
9397.74097259481 1.5589378665359968e-15 1.297685031100298e-16
9401.48714412785 1.6873753256710655e-15 1.3361522162060807e-16
9405.233523922 1.4718556631074142e-15 1.3017735724678362e-16
9408.980167823875 1.9536499394188897e-15 1.3246281712123716e-16
9412.726793008975 1.6097371916586723e-15 1.403437095183128e-16
9416.473530841358 1.3283996134550697e-15 1.599478330141776e-16
9420.22106670898 1.8318899833854694e-15 1.699053448890963e-16
9423.968512948395 1.73485996619234e-15 1.66108527080639e-16
9427.716499785412 1.8960719828297692e-15 1.5778324238925052e-16
9431.464116636504 1.6248716421261083e-15 1.3768485590325418e-16
9435.212552976098 1.6971745680837645e-15 1.4155309107927303e-16
9438.960793373539 1.3789776794482869e-15 1.3904578758879007e-16
9442.709618273462 1.6403417793951873e-15 1.4379904547464014e-16
9446.458452190627 1.8071281549414056e-15 1.4251701877728627e-16
9450.207528629662 2.3330453624242815e-15 1.6412933390370041e-16
9453.956725049218 1.8723198247903303e-15 1.728337940910808e-16
9457.706413806927 1.979896167692627e-15 1.7354280715576175e-16
9461.456095284157 1.6971610773806548e-15 1.6868016647087978e-16
9465.206338690014 1.942850330767807e-15 1.5683377539219828e-16
9468.956828011791 1.814150313048626e-15 1.2691159443331312e-16
9472.707199324761 1.775251430992849e-15 1.2386578636425506e-16
9476.457732410341 1.633144907530961e-15 1.365189174039909e-16
9480.208642947688 1.4416833272863743e-15 1.3704473045861924e-16
9483.95957805616 1.4228668124999858e-15 1.390920156977461e-16
9487.711145593363 1.9458850461862305e-15 1.4869786060664616e-16
9491.462945857891 1.8655927320392113e-15 1.509157315586794e-16
9495.214803923891 1.893669743612306e-15 1.5167606882004782e-16
9498.96689332576 1.5937345811827752e-15 1.48060140436685e-16
9502.719218152148 1.35164521435966e-15 1.4349010525710293e-16
9506.471950676938 1.5285090169623472e-15 1.3933116101326252e-16
9510.225128738271 1.4839349541154076e-15 1.2389794232480605e-16
9513.977959327907 1.578371689760379e-15 1.2363440749440537e-16
9517.730324326454 1.6285820992092245e-15 1.2534073502896808e-16
9521.484015587655 1.813026875517516e-15 1.2871241306105576e-16
9525.238677431007 1.9829672724433847e-15 1.4185812700342455e-16
9528.992561558493 1.9293119866733608e-15 1.4478753306793393e-16
9532.745388953934 1.8575399006302666e-15 1.4619799962250943e-16
9536.501308277919 1.8962086760334117e-15 1.53136644274656e-16
9540.256001898657 1.7844537303499077e-15 1.638737637766228e-16
9544.010973946362 1.639381234771596e-15 1.641224376666579e-16
9547.766285146987 1.7816681016754612e-15 1.640189808271297e-16
9551.52173184605 1.4222544646983634e-15 1.549482939855543e-16
9555.2778236751 1.8786943471216952e-15 1.4814453180713637e-16
9559.03392969421 2.053516135072464e-15 1.366473920260009e-16
9562.791139764597 2.167061621143708e-15 1.3643595648728304e-16
9566.546646945897 1.8564295139048747e-15 1.325478210641668e-16
9570.301625214384 1.8049533731730522e-15 1.3058200115560713e-16
9574.05837732154 1.7208229817970014e-15 1.3019287997624402e-16
9577.816286245821 1.8666054537282164e-15 1.3650825692270273e-16
9581.574895794822 1.7900588776628705e-15 1.4327169644108e-16
9585.332392530314 1.6864707129099397e-15 1.4261639932230778e-16
9589.08903923077 2.102137106931788e-15 1.508632867464997e-16
9592.84866113469 2.304453720598006e-15 1.5885850128402725e-16
9596.60723125996 2.1488909742870775e-15 1.56247735005287e-16
9600.365114847184 1.365135831461509e-15 1.4420642739056757e-16
9604.12429076518 1.9050210044492948e-15 1.5087218332659636e-16
9607.882820708377 1.7676939835596441e-15 1.4303611120943733e-16
9611.643243967455 1.7377416484567522e-15 1.366637688749828e-16
9615.402620184252 1.865700157019439e-15 1.417793278987844e-16
9619.163468272316 2.1298456448743657e-15 1.4607003834063096e-16
9622.923798491121 1.332481384157367e-15 1.3229319841673636e-16
9626.684037084922 1.818732211561617e-15 1.451264952610937e-16
9630.444735055707 1.9192139078046044e-15 1.485789352583707e-16
9634.205839862929 2.2691886746197725e-15 1.540275550747054e-16
9637.966938516853 1.993246937726982e-15 1.5961094980162672e-16
9641.728546085922 2.306565950531203e-15 1.6604940108706484e-16
