# SIMPLE = True
# BITPIX = 8
# NAXIS = 0
# EXTEND = True
# VERSPYT = 3.8.6
# VERSNPY = 1.19.4
# VERSSCI = 1.5.3
# VERSAST = 4.1
# VERSSKL = 0.23.2
# VERSPYP = 1.2.0
# DATE = 2020-12-18
# RA = 335.572596179636
# DEC = -7.26700375044262
# TARGET = AT2020zso
# DISPNAME = Grism_4
# DECKER = Slit_1.0
# BINNING = 1,1
# MJD = 59200.82475693287
# AIRMASS = 1.41211065455098
# EXPTIME = 900.0
# FILENAME = ALDl170108.fits
# INSTRUME = ALFOSC_FASU
# PYPELINE = MultiSlit
# PYP_SPEC = not_alfosc
# TELESCOP = NOT
# LON-OBS = 17.88432979
# LAT-OBS = 28.7543303
# ALT-OBS = 2465.5
# DMODCLS = SpecObjs
# DMODVER = 1.0.0
# EXT0000 = SPAT0248-SLIT0250-DET01
# NSPEC = 1
4002.011332353591 5339.638488978142 312.3436589872859
4005.0724414084657 5142.234784792117 305.9428925516024
4008.1348231409643 4852.766795529311 299.0825573601644
4011.1985349354964 5041.524299249544 294.94162601839815
4014.263486812021 4772.850550615057 285.65752582805356
4017.3297182807755 4986.135209529052 286.9880084307577
4020.3972626505038 4874.916066918388 281.37452518821254
4023.466116560054 5689.1126040487015 301.1688981172415
4026.5362250675344 5344.384284842962 289.3402024807184
4029.607588112794 5312.086321551712 286.82507039223606
4032.6802004071783 4901.345788984822 276.0290984512855
4035.7541484904486 5463.595492001618 286.1824404380697
4038.829336689562 5456.361351987083 288.78189804711076
4041.905742756937 4509.386395833521 273.8422740218951
4044.983511731972 5421.85751606857 284.37975978031113
4048.0623884701927 5035.347380437109 276.5616328405017
4051.142708958297 4577.357665050037 270.9185263327298
4054.2242162979483 4811.204690304539 271.42092517785903
4057.3069885636337 4839.002311554316 271.189175241177
4060.390975391132 4450.859052176948 261.2567483242878
4063.476297506594 5608.509417121201 276.20133615209653
4066.5628166158963 4942.221913444316 261.49184010871153
4069.6506087130388 5205.354412944039 262.9814433696699
4072.740007031867 4855.875182999352 256.3150116127651
4075.8298704581834 4419.253194183326 244.71706139370096
4078.9207873665146 4890.60453752489 245.57443931534533
4082.0141658214025 4064.4928271881536 231.42987692767105
4085.108176561556 4755.96737617276 240.54856918714313
4088.203416724371 4533.214009885073 234.91244216121825
4091.299888741598 4259.101278832477 229.1000217281122
4094.39768118302 4277.8917277405235 223.968662489758
4097.496540379189 4112.210233783959 222.84585265140913
4100.596751292634 4656.82236768368 229.94055958384132
4103.698187276922 4745.821904703208 228.09775921167997
4106.800807259059 4219.3537020228905 221.860714158217
4109.904644728705 3895.6141729416095 216.3692347501927
4113.009761311426 4268.2633380120815 223.1500931414715
4116.116083358638 4359.460365557887 221.5284735478919
4119.2236239245885 4646.949944602653 226.00145921982067
4122.332339937335 3788.686964470286 213.4189202467859
4125.44235419683 4611.394504226083 225.3465264986063
4128.5535169760415 4061.829839284115 216.93187090511114
4131.665936703856 4428.897893227324 221.18300826780927
4134.779531962057 4515.294253851584 223.16644667747877
4137.894354471548 4386.943939711254 220.63622965858127
4141.010388318751 4401.588882278314 217.1067361533103
4144.127612600014 4394.326595435402 217.16097661742094
4147.246031093789 3938.2536776665133 207.7380411099818
4150.366150139883 4040.030109675737 207.78385352568432
4153.4865502012235 4194.419455075465 206.36275877878992
4156.608575091903 4334.573738664581 208.92053054464182
4159.7318208901515 4386.416359653348 207.4783292589707
4162.856243752811 4237.104131911876 204.04641594902043
4165.981876237882 4497.81451640107 208.7877131220187
4169.108647947214 3924.813228388336 198.7312496315744
4172.236677092588 4168.133426687546 201.09727255299336
4175.365877480914 4367.601165965378 203.8916428617053
4178.496244855261 4125.991231513894 198.25993357545562
4181.627811662992 4176.190812209899 198.79508148647042
4184.760528653454 4049.956400160149 200.1159317237268
4187.894423302502 3864.7809781796095 195.27569064242635
4191.029548218468 4035.6422076739723 196.85109581186174
4194.165815420906 3410.444966076911 185.51210543953965
4197.303261701374 3484.323317214673 187.4120503830794
4200.441907364971 3986.9113231521046 195.23846252109024
4203.581883470327 4250.888059648759 197.62613094519784
4206.722662063926 3948.9613372009794 194.067865334003
4209.864778642845 3877.0531566725303 192.3793617942011
4213.008074179271 3963.44600176335 193.84409332946214
4216.152533498667 4012.9105396587215 192.3058858994572
4219.298185350001 4530.416343034972 198.04434652224793
4222.444946379574 4255.855812089933 191.4587270784661
4225.592867209434 3739.506640834651 183.1399403488396
4228.742033494038 3722.3057277654893 181.32862841593357
4231.892236380004 4284.24902450667 187.25284496923607
4235.043634023257 3880.392844844441 178.5110445523832
4238.196187405577 4082.4213001697503 181.4698273522885
4241.349237119266 4372.264207388031 183.98368369927198
4244.504726051381 3784.907601820229 175.12708638941564
4247.660725443152 4260.814295783483 183.13067746554566
4250.817868512703 4282.595688236683 182.99964810338253
4253.9761105171565 3697.7496832658094 175.18834689346372
4257.1355814910785 4387.831073237936 184.34952260457487
4260.2961149893135 4097.923729800124 181.122004464921
4263.457812713334 4492.1994234319145 189.00308078699902
4266.620647145458 4490.293918227013 189.29306110538587
4269.784613342355 4332.771020105997 187.5753892262944
4272.949694880184 4747.1093630607775 196.57211866698438
4276.1158122323895 4551.864751148196 195.17023939976696
4279.283266528836 4939.185844109932 201.78615630739841
4282.45173659097 4624.508326679841 197.70100744825564
4285.621339739552 4786.237945871391 198.61788204859354
4288.792051387465 4655.727282438909 198.12217565873135
4291.963875744586 4310.961492092692 191.58977295683343
4295.136842315283 4527.344709956768 194.92841495705042
4298.310907563017 4414.963565364314 191.66824560987405
4301.486167222379 5070.140519066213 196.620152388572
4304.662444136208 4644.716604453738 189.5864409608382
4307.839867291977 4566.429662895676 185.19023154030967
4311.018398260643 4739.481196806211 185.9472647837581
4314.197993380035 4143.233974603436 178.80783393325126
4317.3787290761775 4298.518278075818 177.44705368431264
4320.5605884163115 4389.546287010752 178.12246847249847
4323.743537799493 4064.4177610334955 171.59985773499702
4326.927581579209 4249.752872875612 172.18843606974042
4330.112705779977 3869.5815262917586 164.48023108741646
4333.298123550343 3726.5594789136926 160.01967427854174
4336.486283191287 3594.5233428386896 156.21843925786473
4339.674703891363 3480.1989184657214 154.60728865033315
4342.864253805531 3795.0527469064145 155.87122693824563
4346.0549017318035 3848.1378357143394 153.7856353906899
4349.246562443707 3621.6717925117528 151.79328336978008
4352.439369127853 3770.648530962823 152.74163712441253
4355.6332443234105 3999.147330165216 155.87824214051886
4358.828207501145 3784.7936812700905 152.76284970579317
4362.024226506806 3568.3502514956167 148.03071500113688
4365.221316759928 3563.289222993952 147.98343015322678
4368.419817506337 3548.3612172857215 145.25090290357568
4371.618836751212 3530.0638936220153 146.21710680751661
4374.819046504868 3248.4086862608333 139.70429648281944
4378.020630302197 3706.004779651454 146.49894100820515
4381.223068708392 3659.1518300815533 146.22089019620032
4384.427225907763 3796.337832406986 146.0569490115902
4387.631311845126 3623.6933171979326 144.53228865537946
4390.837030425037 3700.8641268472343 145.8491851795222
4394.043762171363 3386.687956981904 142.0525149950867
4397.251607485733 3828.4705578865555 147.86547073433627
4400.460469148822 3447.2198950490397 142.47585874981496
4403.670445338573 3797.261049000885 146.92176142853572
4406.8814384601355 3607.8470826055 143.67433921138172
4410.093477666236 3340.8599004530856 138.91368239198943
4413.306609782511 3518.3944581983264 140.6358125813253
4416.520760881821 3423.0901478265987 139.48924092080293
4419.735978848497 3351.1756862405314 138.0410657149483
4422.952224510299 3119.5630710555943 134.1581556333183
4426.169566933653 3338.149562164234 134.81208068445636
4429.387924360155 3260.131222194302 132.3998178453788
4432.607313787098 3269.9583047825367 132.5567578640484
4435.827779222317 3437.4242308398784 134.27517051146168
4439.0492355464185 3146.826948443802 128.9580853969492
4442.271773263541 3239.9987881787597 128.58388069527174
4445.495349651823 3319.8670171323884 129.82986792354208
4448.719911973572 3113.867508169777 129.04371087298853
4451.945560882919 3223.1968940922325 127.89884337929062
4455.172216577955 3072.276943922336 125.73320933967072
4458.399902546325 3022.8308083257452 124.73028636094367
4461.628625432717 3016.5438851695444 123.53903451248311
4464.858358522826 2886.592290848007 121.65343834400123
4468.089138373995 2909.9642763358984 120.69968397492202
4471.320954351534 3278.2408681159113 125.81934488018287
4474.553778004078 3101.690303620697 123.4397311474222
4477.787611648057 3363.96333773159 126.30724855082936
4481.022465775549 3028.639387093162 121.14581109960612
4484.258311741964 3109.1390859539547 122.23525740928513
4487.498868641877 3396.1116437413116 126.41169328800441
4490.736713227647 2862.3307034588124 118.03518045555121
4493.975679908065 3033.8016097047775 120.11003607919969
4497.215602399865 2945.67750049531 118.03310307391321
4500.456601555649 2993.201099906049 118.07745002023458
4503.698483718685 2823.689878533405 115.89903791595043
4506.937785616438 3168.401969429192 118.56786663919503
4510.1816814936365 2764.089634372307 113.33922586647408
4513.426658539244 3110.031653433558 117.54715020908168
4516.6725993689315 2979.006528298562 114.44293612256644
4519.919546867755 2826.7196954653514 111.7269092548299
4523.167452183481 2743.484619869893 110.8519115771569
4526.416437048468 2873.4712061869677 110.79112824856536
4529.666337699405 2630.8874216388917 107.47164573128171
4532.917276733507 2963.3084937539465 111.93215251076815
4536.1691606014465 2713.1458053597657 108.6033085513972
4539.422068872572 2563.5539749113514 106.106282673386
4542.675928374256 2449.907178300945 104.53029588064435
4545.93081574493 2494.045299210582 104.7255814686715
4549.186647138853 2576.771418078051 104.23632491338418
4552.443484277662 2402.04020078544 101.5450640286367
4555.701340842274 2781.886037715137 106.80047892210742
4558.960121879018 2542.7232149420292 104.20559470683764
4562.219925411275 2735.29478840661 105.02027391642387
4565.480168289505 2978.266086929496 107.27242398949193
4568.7423555347195 2517.8374200286494 102.03890089113398
4572.005101925111 2801.5138424737897 104.72908733149528
4575.268712857702 2540.155680053329 101.3860723256818
4578.533383079063 2836.0902579772082 104.77391417158888
4581.798944090581 2749.4349445749285 104.29592827925472
4585.065490232339 2798.5484131227686 103.30156020683988
4588.333017790493 2342.7629950008527 96.57831157221977
4591.601547691128 2708.9297560709288 101.48665394185039
4594.870968619616 2525.005012298147 98.71142972934564
4598.141390983466 2598.7503885159203 99.83559401533884
4601.412752455681 2616.100002061902 99.5145476689871
4604.685094161982 2697.953178549709 99.7501710064728
4607.958364938425 2764.1924895307848 100.14485149359375
4611.232590097739 2562.268643747439 97.62280772282074
4614.5077458248015 2448.6067659674154 95.3943489653318
4617.783900138183 2774.6581842270616 99.66537622507893
4621.060937670327 2514.8434404103155 95.35562805540607
4624.338974832995 2610.5257034321085 96.24310692347636
4627.617953707393 2704.691296745903 97.3865565625268
4630.897862810054 2621.1336248774624 95.7059230413444
4634.178679972348 2402.729959158526 93.249954384842
4637.4604983917525 2607.067931986473 94.4495074323295
4640.743210361522 2477.196092329187 92.73318280081081
4644.026892686214 2665.7843475851605 94.84345267491521
4647.311467057297 2548.0635012035114 93.54380707320114
4650.597020148555 2549.8078237451596 92.13096579087245
4653.883453925289 2507.1069117879665 91.69592869757815
4657.170848725468 2525.5865433398762 92.09075575259781
4660.459159344816 2522.149340732864 91.47847167092857
4663.748427812426 2551.1639454996975 90.97624481627302
4667.0385853696225 2575.2706485567055 90.8048836781049
4670.329671841233 2516.5014276414163 90.505756800105
4673.6216881744685 2454.3378090565584 89.04071562005701
4676.914633216454 2538.3904703072294 89.76201868499263
4680.208469690032 2436.8783394676107 88.24945201815544
4683.503247989138 2598.249086374963 89.94464482811004
4686.798931842537 2384.4245569230657 86.91246269345925
4690.095532817612 2388.261921800418 86.47041703660857
4693.39303460815 2514.2481068481993 88.24683085828347
4696.69150321279 2595.8293404331325 88.7340212626311
4699.990821862724 2342.568362172772 84.89239618428309
4703.291054223799 2382.6545471925933 85.38089811659609
4706.592219924579 2547.314867778899 87.75941051369652
4709.894246276754 2478.9724696943854 86.92405564491263
4713.198344954606 2584.4294814916657 88.71304744960196
4716.501064530774 2430.36682630381 86.17123236871811
4719.805845488198 2559.5994122680686 87.1729564939292
4723.111471007873 2519.122176485434 87.22366965546122
4726.418046430584 2693.122504691817 89.29564095732796
4729.725486055272 2554.4095157221736 87.04549333466919
4733.033832878903 2561.8617489607277 87.00750078977299
4736.343063665673 2559.484274382415 86.44618635799088
4739.653202372192 2785.1079074467298 89.03617269543568
4742.964252733912 2692.9148550865566 87.98718154005445
4746.276141610616 2547.1254004156135 85.47727666350845
4749.588880283465 2653.1099281886127 87.29418723133827
4752.90256118061 2672.9067505895036 86.98538398688466
4756.217107156118 2830.441421731118 88.47863993802405
4759.532552724621 2778.5584324337437 87.93822778658848
4762.848843236367 2650.4290928417763 86.07817686499043
4766.166041289117 2646.1466299903855 85.8650167278111
4769.484115630178 2650.8801705258747 85.05676072783154
4772.803045277911 2515.6778309036595 83.47700958318889
4776.122840066562 2485.025769421583 81.84410528329482
4779.443542140841 2455.8704436629996 82.05220902242804
4782.765084872206 2438.400164924501 81.83548404365547
4786.087539997831 2470.3995706398964 80.75019195699582
4789.410825975822 2273.950466752515 78.47308563350778
4792.734972279708 2346.013288518745 79.6237109880292
4796.059998306788 2338.2131570088536 78.60279439958005
4799.3858924099695 2350.4273853088807 78.59928678020728
4802.712654311547 2520.9184695727486 80.38266324574259
4806.040246601449 2373.1064860257356 78.74981553445951
4809.3687032388225 2345.913447376867 78.27747256265482
4812.698035101398 2404.708798783292 78.80341470293165
4816.028201256079 2344.8218356052053 77.89584938239773
4819.3592464368385 2439.863960479156 78.82713144604878
4822.691125999544 2295.3962303077196 76.50174629547531
4826.023866083542 2417.9934655943516 78.10882187206819
4829.357444774645 2311.0562415701042 76.63056368553988
4832.691865045652 2289.9621025674332 76.12672456815503
4836.02713749964 2136.7263699656737 73.93630438253808
4839.363259312871 2210.688880967661 74.197869704284
4842.700191097507 2274.251943370895 74.96421782033201
4846.038034255995 2215.738848968011 73.92358540562164
4849.376705820424 2317.707328713817 74.77336641936161
4852.716167621789 2237.9494133386793 73.8496614343109
4856.056495962467 2198.867657459297 72.81128227111883
4859.397676612096 2281.5430969633753 73.07739287327428
4862.739649164437 2322.262424230209 73.77793799419355
4866.082495519986 2295.4248384543807 73.23626420307208
4869.426144516391 2240.335829237745 72.85129230883739
4872.770618637357 2272.0635305983005 73.03419362810563
4876.1159285538115 2398.047008093443 74.69304771678084
4879.462068600712 2358.180219921087 74.69594637502827
4882.809057152911 2367.1868256096 74.51353258292617
4886.156832133792 2342.9022344318664 74.19309755236353
4889.505467254525 2484.8941429292854 75.66354774049914
4892.854870367164 2365.731215376212 74.791530124276
4896.205142674672 2481.0377839838156 76.37255933213166
4899.55618734244 2383.8230765631515 75.2843081789023
4902.908084235355 2442.7312249431398 75.83891533981173
4906.260782127193 2437.112534061169 75.62758747447882
4909.614331977409 2592.511628545197 76.89957631015723
4912.968635786822 2460.621151120791 75.241102079139
4916.323762942459 2475.7989903131784 75.29854322295776
4919.679708989224 2340.6540737581827 73.21920615352055
4923.036439115394 2392.6919317202114 73.93588804028158
4926.394022195262 2350.9851083344206 72.90783564101889
4929.752367442445 2360.4987539993404 72.87017413629188
4933.11152858096 2311.229617562782 72.6533495580193
4936.471491706361 2290.484707441665 71.5906608440626
4939.832285096184 2491.4953841001256 73.97615842568257
4943.193836176715 2334.8273107934274 71.77313662804944
4946.556197610596 2306.305947330521 71.12894527513957
4949.919352625269 2187.2929604358046 69.4515792421025
4953.283299631556 2192.6445977481167 68.90247532942624
4956.648061493397 2308.2109553805462 70.43038681945552
4960.013592287414 2222.012707516328 69.86569110933529
4963.379906535753 2129.162752460043 68.74764492728296
4966.747023781716 2176.6992464787913 68.9926094617176
4970.11491799945 2133.2988286302834 68.39561125740899
4973.483613960666 2193.702959229762 69.14914074028147
4976.853081960031 2187.0438599417857 69.43466024437733
4980.223399413641 2277.6966268702813 69.80247586962389
4983.59438540568 2221.554320916842 69.36656627764941
4986.966196190008 2199.1357519460244 69.23795454573715
4990.338197007929 2117.7343374010466 67.7137700251088
4993.712166690817 2145.8680644483734 68.20426336439127
4997.086326764177 2177.00777207764 68.58359508626242
5000.461245175888 2143.977078649184 67.91117507677582
5003.836941905683 2138.487005013724 67.15472943973934
5007.213414991823 2122.6682028445125 67.16261994609577
5010.590648359996 2196.727226622384 68.32120927791154
5013.96867247763 2244.0179953779248 68.09606845591928
5017.347454058335 2231.464803998528 67.95522698230815
5020.726981584507 2141.890148986137 66.30220790032182
5024.107282270429 2178.9714214993783 66.93859969583085
5027.488766587527 2326.667450918203 69.32613973047017
5030.870124332797 2100.4962646392846 65.28674871077673
5034.25277843961 2140.292738392379 65.36984919196868
5037.636103303928 2107.154629371725 65.41281169349128
5041.0199722204425 2017.363690858543 63.92325212583226
5044.405062718108 2006.1147545481506 63.45662543313649
5047.790680744338 2126.876759691232 64.89429598942088
5051.177062318348 2071.2324072410206 64.22571022716683
5054.564148766816 1971.1900043367418 62.72403557172354
5057.952003258215 1942.8937415076778 62.3359222907163
5061.340637688604 2015.1956526425881 62.86009925116755
5064.729991221483 1961.7685151065598 62.21171540937857
5068.120213062728 1964.1848027921753 61.64784100829805
5071.510956351705 1854.840747644927 60.28096060088862
5074.902586863632 2060.9002993316853 62.20500281194589
5078.294918596207 1962.9118338960611 61.07234039109346
5081.687984430622 1909.2898386642225 60.45098280612622
5085.081820446952 2066.254954254924 62.04546731768324
5088.476398036004 2089.174565552085 61.94254251797601
5091.8716725789955 1915.3191733084582 59.80880825225137
5095.267693912316 1938.0114151348566 60.074682230594284
5098.664459305513 1871.3010508147404 59.348711313749014
5102.061935995105 1882.2228847136478 59.43869523487419
5105.4601935878245 1953.7822045839084 59.67874235106222
5108.859142994423 2032.378806219374 60.674194067517284
5112.258822149577 1883.9258625926636 58.41844790489921
5115.659087136578 1804.1159033099314 57.36798187820456
5119.060404893747 2074.1643559621493 60.38144383095615
5122.46223180653 1916.1649653442726 58.462755867707635
5125.86480405177 1962.1288372643044 59.08548489232134
5129.268086131563 1872.764804596722 58.270148855717466
5132.6721434255105 2003.3978001528285 59.37535551033946
5136.07686422259 1811.0183441584772 57.151552118764336
5139.482324791498 1938.67476918309 59.02916329663356
5142.888486383888 1935.0955811168265 58.522897987498794
5146.295403003093 1977.3594920700903 59.187744840007284
5149.702977728366 1931.021162649775 59.372266488206726
5153.111299455809 1888.167283580563 58.69754098985913
5156.520296211285 1813.668468480463 58.41018972819332
5159.930074436015 2022.3921837286284 60.53938074884406
5163.340509062882 1965.2320735373705 60.00111437839364
5166.75167078022 1952.4158042647757 59.81397692254315
5170.163508516912 1947.5785513851522 59.87248640964001
5173.576075379032 1984.4686146641932 60.072408271414496
5176.989320317379 1960.7311877332172 59.92939444127636
5180.403253462411 1944.8634598958602 59.83052905053255
5183.817939376657 1867.0003568535583 58.53805308702999
5187.233263539697 1863.0823678235238 58.292785478835505
5190.648278647236 1881.4213931102815 58.15572019682725
5194.0660204452915 1751.6395952654198 57.15320586343372
5197.483477268718 1821.740052953885 58.14364436347128
5200.901604182446 1769.9686127141042 57.084614631674214
5204.320444740278 1768.1607354356324 56.46313189017872
5207.739978938411 1729.822830188327 54.63960317124729
5211.160212206459 1747.4605494782306 54.367758545970084
5214.581092353242 1723.365691850278 53.47364604421944
5218.002660810898 1602.788265162676 52.013422596594815
5221.424922018825 1629.3504839831523 52.024544602709454
5224.847874588023 1677.9998938429785 52.67244306749681
5228.271511799807 1737.6180450555848 53.210866089792155
5231.695857793605 1740.8116061356923 53.06654121288174
5235.120838328491 1834.2090750228608 54.1581150117982
5238.546529424106 1942.6758416644211 55.62067544053608
5241.972860161456 1870.4803762281176 54.99134469055304
5245.399895477864 1905.667124735895 55.48210929446044
5248.827557552097 1731.6327833914584 53.54162564870363
5252.255892455674 1706.5862652016679 53.27885463878381
5255.68464961544 1671.1132751864502 52.69586859582872
5259.11468485097 1642.7234478973303 52.24822037328879
5262.545156869765 1798.2895144720344 53.588806695028055
5265.976107510578 1658.1625486290864 51.865715335856564
5269.407821103786 1674.1032993994017 51.9523146079425
5272.840231000966 1684.9469152493023 51.99746279822711
5276.273239363167 1567.325263276616 50.44202670358909
5279.706993768146 1720.275737473721 51.93743399375919
5283.141313532675 1733.0062612698177 51.87968689378784
5286.57641951194 2046.2451620896431 55.32100321471886
5290.012178857392 1984.8976557784279 54.38325101586566
5293.448545012666 2183.5255448006224 55.70399792828806
5296.885470155008 1979.279901879074 53.59126923985436
5300.323074961294 1591.110644382596 49.0700264303291
5303.761367411855 1542.5684728330077 48.463810721529036
5307.199072820835 1496.5420283850342 48.59332506001589
5310.639951045465 1479.258325855582 47.32351375861086
5314.08020713557 1509.4939717943405 47.84890887534989
5317.521152410089 1569.3733186373565 48.1496692251752
5320.962743789703 1566.0084630895958 47.805345658737764
5324.404917828534 1498.7027871029904 47.16823416618847
5327.8477622443925 1495.3860759603767 46.9942089670917
5331.291263542308 1508.7759806420706 47.25240157271762
5334.735420371168 1579.0033056986063 47.844153692393164
5338.18016363687 1472.9817131397663 46.85507615566217
5341.625598336711 1485.8623120266088 46.98290687865378
5345.071655092398 1519.7520723723503 47.32029105501589
5348.518337681555 1573.2170223076923 48.13427135585703
5351.965662974348 1466.0867299375545 46.7864392263039
5355.413626602963 1484.8381264457078 46.75045107174383
5358.862232800245 1483.4442453974873 46.932045344133456
5362.311428633484 1352.3060074864463 45.046825586192085
5365.761302304666 1356.9080877683616 45.082171533727745
5369.2118053834 1353.8419710636017 44.55251775642404
5372.662939461295 1420.9016906591787 45.328720216506476
5376.1146890097325 1417.406120034367 44.883707157095564
5379.567060062317 1426.5280544865957 45.042712621788596
5383.020042282414 1326.702029656577 43.79980618452382
5386.473862114092 1419.7752643747979 44.334959227699756
5389.927852885828 1325.8999255375413 43.310581553069326
5393.382772731339 1355.3442753813015 43.67336248889197
5396.838267481258 1326.9910192773175 42.98656944263003
5400.294355445036 1285.5770807793397 42.20660032492214
5403.751089554777 1341.5891975457505 42.98379282332796
5407.208434191156 1360.5825500968124 43.05075982620007
5410.666391041865 1358.1270560131209 42.84282429527842
5414.124926104772 1303.5881906986172 42.09276388800633
5417.5841295023765 1304.9343839345547 42.144726008033906
5421.043913288869 1310.3144815160772 42.120273494294054
5424.504296725084 1255.2058703878324 41.656209568844616
5427.965324292803 1285.890384189679 41.68697856869315
5431.426901801797 1250.8139125421992 41.517684790653526
5434.889224593634 1255.2684075188158 41.35237980547906
5438.351969195575 1316.38569176419 42.35545152855078
5441.815413764845 1366.0152119968293 42.926606789130695
5445.279435918269 1355.0946377898497 42.79642292184977
5448.744067260539 1367.1346289150579 43.23487257967961
5452.209296224087 1340.6557615600352 42.67009703758519
5455.674676762858 1267.8721138731719 41.931401971800355
5459.141522554204 1258.2194263835192 42.02268102382041
5462.608560708443 1217.7951651545754 41.258478951579356
5466.076185381272 1265.1118094233177 41.76573313913463
5469.5444033325475 1313.949503387723 42.39758779565947
5473.013218547853 1273.0886476622654 41.408784446478435
5476.48259061887 1185.6658499959585 40.714647103944095
5479.9526241358735 1296.7953514101405 41.55184340764088
5483.423251664662 1283.1769978003856 41.05194630875727
5486.894365774675 1275.7032575337844 41.11761033746002
5490.366119483336 1310.603356067087 41.41569277461912
5493.8384767001235 1268.688238576812 40.587318168031395
5497.311389096484 1218.2035225528527 39.759043479715494
5500.784909681357 1306.056074174871 40.598335597087384
5504.259003495292 1263.9048398072437 40.05122744743938
5507.733644272592 1159.1456755063655 38.67251628892075
5511.208899114228 1224.8625950561623 39.362983942378165
5514.684763228188 1201.2030805122922 38.712326425713385
5518.161147596747 1188.509748901327 38.50389897143133
5521.638111975614 1219.3484754333 38.645052076751426
5525.115678291433 1171.1996796052085 38.20852947039221
5528.593817480138 1079.5697193878204 36.764670793821466
5532.072505304913 1084.992704842346 36.79070019369797
5535.551802970501 1136.9322198464206 37.562278214187884
5539.031640675601 1197.4849282208481 38.38274669398994
5542.512072850866 1176.1843856817848 38.177877206385084
5545.993049414611 1156.9481559127823 37.515780706090865
5549.474608177756 1135.7294464715706 37.40986225049193
5552.956718872911 1151.2086496906793 37.52976677833255
5556.439281851633 1102.3757760380997 36.92629487754764
5559.922630976523 1116.25968336731 37.172864924457734
5563.406445079735 1051.3258990441032 36.53757943838019
5566.890751739682 1071.6032096927047 37.52118402537344
5570.3755407967665 1186.5155678101412 44.01840361946918
5573.860920290817 1091.4991849223543 47.783957633393165
5577.347009075013 1201.8851053505298 48.74889202650306
5580.833571406123 1107.8735074587887 48.08848406741081
5584.320799415438 1210.3883325073757 47.60125030629784
5587.808694766023 1120.5668099471288 39.13707712471116
5591.297013520134 1153.9490486072207 37.8474018577337
5594.785830365032 1179.1714547570496 38.116700775389596
5598.275203818316 1109.8139613390267 37.19731911570928
5601.765135026593 1203.86919494287 38.323654025580566
5605.25556769255 1157.521750900952 37.547797217460335
5608.746590471142 1193.8017844725507 38.14021455703767
5612.238169814459 1215.8147157306237 37.955825621255826
5615.730271556799 1141.844597641351 37.160187868417005
5619.222926223363 1194.1275124069257 37.2590774215097
5622.716288337769 1196.2419254902113 36.87434909075566
5626.209803428907 1089.4725530654769 35.55432900849554
5629.704104325265 1097.3855341212764 35.92751568682281
5633.198909804936 1072.2588446848279 35.22020961790514
5636.6942508508155 1045.3732446768963 35.1841460614149
5640.190137259333 1050.946950236152 34.87379055177549
5643.686555545459 1065.250033973641 35.1851792293421
5647.183516524647 1052.450986173395 34.80874104067848
5650.68099802937 1029.0667902068274 34.70565863245202
5654.17904925265 1119.9079143160272 35.554844178433754
5657.677619118516 1086.1830674987834 34.921568551675094
5661.176685405074 1078.3944236204327 34.996187628289285
5664.676298264566 1110.7567910291416 35.49724734860788
5668.176427544188 1061.573956423482 35.05000438606733
5671.677096858781 1064.5690194071526 35.11479634611749
5675.178308632105 1108.7439730099882 35.62227515895168
5678.680025536095 1066.2535974834493 35.221496266762685
5682.1822656439435 1070.4911871909371 35.08816332694489
5685.685020013528 1061.3772300770434 35.45887508945821
5689.188291044953 967.5814088081404 34.1439760550717
5692.692121456604 1064.4120687353793 35.13126283184211
5696.196475351847 1036.9566497845933 34.66418779933875
5699.701292174814 1036.68482622009 34.62000250039023
5703.206684065273 1019.3010191094257 34.38474568589924
5706.7127657029505 1008.7965826704999 33.613033170533434
5710.219205588151 1056.8987000264651 34.16434759047825
5713.726113054044 1060.8921165664115 34.13475489753814
5717.233543229149 1049.73451126266 34.005260421914606
5720.741459823382 1024.4504197762394 33.63675325294689
5724.249928770652 1093.4382999844395 34.57103803230337
5727.758629942642 1006.1917009623223 33.561081146217724
5731.268103889928 1046.4999105197182 33.94707023181289
5734.778066253301 1009.8295904867302 33.49897177561303
5738.288551449074 1044.198293110389 33.92490264267433
5741.799518521058 1013.9837658398069 33.56247761033899
5745.31101879549 1013.8236946466346 33.34234336684033
5748.823011550539 1004.0915977089088 33.10433735882165
5752.335376645233 979.1454712294067 32.67175110951872
5755.848507257525 1029.0219031005952 33.22429957499717
5759.361998332095 983.1154998247988 32.53670768290977
5762.875954408971 926.0005847012825 31.757635285015002
5766.390456981019 957.8759716505498 32.05969401742143
5769.905451884421 1024.4366134156462 33.01052228795476
5773.420929046515 996.0389174557913 32.57395295695937
5776.936903060453 972.2093396408021 32.06807594137873
5780.453395275787 957.8181653930758 31.66640005324114
5783.970341723663 965.7477319348403 31.494964233793688
5787.487779901028 976.3988787255505 31.825994994215332
5791.005667318288 906.1168089848122 30.876452965490436
5794.52415564155 931.1171862966589 31.30889038117566
5798.0430805584 906.6192226088002 30.799488587249122
5801.562743777018 872.4671523315355 30.183788428789352
5805.0824097207405 990.9299546780288 31.57753916598945
5808.602791600545 983.889215620413 31.439284923179397
5812.1236337943255 911.8711497997566 30.538648072483664
5815.644994292338 935.8630573597095 30.633192413737078
5819.166778760834 829.8900974133779 29.562589188473936
5822.689098802108 884.7215581455044 30.15456964690163
5826.211907268403 863.8118920143975 29.780253218000066
5829.7351990973575 924.1777284395473 30.264648966683566
5833.258930194969 923.5275225626997 30.109536615112997
5836.783152442808 938.6734989308551 30.60231599096637
5840.30787669849 940.8073692407928 30.57603151094185
5843.833032942105 923.8087103678217 30.112493518919873
5847.358693274933 916.0477042530623 30.187368249218217
5850.884789072944 903.3140286959132 30.15298811281717
5854.41141688735 945.8631041167375 30.65431313121705
5857.938441368254 910.9870490085059 30.287012294591545
5861.46597968893 908.9894257652143 30.655522270765104
5864.993951435879 928.0839297579541 31.060741909179917
5868.522443487493 924.373945559823 30.94886222765045
5872.051331812349 934.3983451437734 31.56713703103095
5875.580666736802 958.1928843259362 31.485307039392257
5879.1105910340075 904.8719803465505 30.985967234302098
5882.640840396282 899.4611010366059 33.10630863741539
5886.1715929494485 942.7530462758115 35.87099198791791
5889.702770232647 931.4171321384426 37.47122779335652
5893.234418526296 833.1803145821135 37.526628360794334
5896.766662357769 947.826278170724 38.004782131871956
5900.29930550541 815.5055038766616 34.052506823652635
5903.834335127535 904.468425779236 33.006199881997176
5907.366109478135 853.7125484283232 30.23926287725068
5910.9001559390235 869.2708095725234 30.19859140773757
5914.434570743628 875.0043088523088 30.19874911579195
5917.9695521103 956.2383861606802 30.813635227683662
5921.504844164354 843.7119504779796 29.733028919911057
5925.0406849903375 843.8404067235792 29.48774979670947
5928.576943023919 882.5055865109097 29.85634156973736
5932.113666962865 875.3842475892195 29.85059440110079
5935.650813826908 866.6916285183216 29.48850210168323
5939.188432835555 879.6928422944012 29.72585448222178
5942.726488617493 820.4478960736349 28.56014778971246
5946.265066298972 838.0023824595899 28.733972316745906
5949.803921213292 794.9124769143967 28.417854303807914
5953.343339630258 873.810028126635 29.104566139486895
5956.8831961478945 930.1777263125957 29.714257763550343
5960.423446257638 815.2311342624699 28.245800040414686
5963.9641668033655 844.049605055509 28.65070332542946
5967.505357663678 880.8654019109368 28.971883082016713
5971.046743791074 867.9868290709004 28.891592194302696
5974.58894815672 830.4731336099943 28.583048057046014
5978.131391640911 788.6182584677272 28.18057306117669
5981.674335525161 860.8312006456091 28.950553967932454
5985.217672039902 861.4333226888007 28.878706452828432
5988.761442455105 841.5215917819471 28.66734213078075
5992.305657023965 861.0366244874424 28.762990947458782
5995.8502816612845 855.0779840206692 28.962415270076118
5999.395328101356 834.5641914197976 28.746717918629642
6002.940859792628 887.5236005829428 29.277354813268747
6006.486771198306 831.3646950505912 28.469577284363083
6010.033172056596 885.1660640998632 28.8418567044406
6013.579954506963 879.9061549915648 28.68296473366228
6017.127150632052 801.2352499609976 27.763886005113637
6020.674786970804 866.6075144245384 28.602116486447773
6024.222861851654 833.2820242549406 28.014052936466378
6027.771308213841 803.9727799919464 27.50170789455318
6031.320264524518 850.451478140892 28.07068583146601
6034.869570412774 818.2877831795561 27.472843557307378
6038.419278036452 839.0141841427361 27.761766798082316
6041.969459966119 814.7637981609976 27.603852538107198
6045.51999337246 854.4394520025858 27.817169256140907
6049.0709706927355 811.6892037430767 27.188104716827745
6052.62254267287 888.1220894416834 28.02382928676409
6056.174348369972 877.1344160693754 28.015840621727428
6059.726633950764 891.77303899936 28.094348970950847
6063.27941463968 818.4757415858769 26.98135527146903
6066.832374187988 874.6635198996634 27.647091302752152
6070.385755982962 848.5915697332824 27.302777950783476
6073.939772347598 823.604790376339 26.99033610568806
6077.494064730682 800.707341921529 26.702275292062538
6081.04881077612 850.0357645851531 27.24356470843623
6084.603942355524 814.9715972201215 26.711751799586978
6088.159532735226 840.9535525105719 26.866420346362595
6091.715422995452 839.6450399487088 26.902965334180237
6095.271725282496 885.6516568697888 27.379757970760764
6098.828547835085 831.1274216345575 26.703352757932322
6102.385697421278 839.7232064010186 26.835766140455565
6105.943250039024 770.121408342697 26.11851784072515
6109.501237777087 826.4522013054599 26.599221436055924
6113.059598130525 804.7565195438112 26.40262855562868
6116.618405469636 819.841431542575 26.326191211319436
6120.17755160518 818.1333083845176 26.60370836594704
6123.737098233258 823.0412855531963 26.671977194805493
6127.297075948387 818.5710654577744 26.774531824059423
6130.857342518161 856.378772596804 27.05118635837714
6134.418202499072 867.1797897447166 27.386555532308158
6137.979311507265 792.9087693739225 26.72591141664524
6141.540891210753 829.7502183726838 27.063165524865422
6145.102813653331 793.4495571872814 26.611997373470768
6148.665188278931 865.1608048955167 27.333504633370286
6152.227906854241 859.6198083440544 27.193914369782153
6155.791034956524 836.4977935874765 26.732332435857575
6159.35452033921 822.2484251230351 26.51296457020343
6162.918440974553 827.4463578847053 26.551312543108207
6166.48259121547 782.6347184287047 25.935833700706837
6170.047347310244 812.6597558159369 26.559633531795857
6173.612447821981 839.5367825281573 26.42938494320608
6177.177857003788 830.1784485492802 26.47167032702684
6180.743674226491 803.0089896291464 25.989734737226726
6184.3098721517445 794.1270178286552 25.897021688925125
6187.8777523336685 857.735057364464 26.230167680426536
6191.442690277212 816.0817694534093 25.67183491628553
6195.010832103337 809.4483389852721 25.76474258013076
6198.578556955504 769.1691936342539 25.14178834320194
6202.146617595735 748.294316449876 25.229886355565284
6205.715151917969 823.7320197605137 26.146483333639736
6209.28404226681 828.529072117307 26.06935911323575
6212.853274370909 766.6021977124683 25.373068202326145
6216.422861725078 758.1481087809776 25.16916864303099
6219.992903554113 758.6586153272308 25.290936928233407
6223.563249234652 745.62581333764 25.0938657175888
6227.133805104828 765.2509810954898 25.485749429011786
6230.70518314028 741.5484507769582 25.426151265825617
6234.276534571531 773.3990120966291 26.14361201016693
6237.848402409475 775.3270525608536 26.300885407573002
6241.420817469618 796.3337250669732 26.456415285811836
6244.993265468428 752.2018206872069 25.593876881160472
6248.56621785868 759.6536935136106 25.39559871118402
6252.139571840293 740.8996030447242 25.273758221886137
6255.713208272176 753.8025086155428 25.613735546578603
6259.287334539568 770.4207348270479 25.745136430871447
6262.861696754152 779.2498867092642 26.032794315701747
6266.43656860335 779.6841891142561 25.832084700963897
6270.011671722723 777.5243407472119 25.63932560680607
6273.587298955466 737.104742232396 24.790563894733765
6277.163140231488 666.4223355201865 23.85233997250414
6280.739396376804 755.0806662546223 25.15264994682138
6284.315874050291 710.5456584965293 24.903982351835683
6287.892965870043 761.8754586100636 25.312813733554997
6291.470032833565 709.4258465414684 26.35709874053892
6295.0475664682035 793.2446615810776 33.75924818938799
6298.625533583959 707.3046972181199 34.52182072952912
6302.203955302388 791.9426104084215 34.92932241820489
6305.782685545436 740.5987283033027 35.06859176179052
6309.361923570522 806.1586837919604 32.17658656118395
6312.941404118343 723.2001466064798 25.158933811178475
6316.5214099023715 758.118542653234 25.370914642698573
6320.101464537944 725.6821843861381 24.72578309004218
6323.6820472111785 764.4039858110096 25.181161232867545
6327.262909652137 740.5568655561106 25.037865536471344
6330.844175570889 737.1085354305382 24.784524601528695
6334.425667640608 721.8784102988027 24.606733386465933
6338.007581412704 726.1542806790469 24.51224290912876
6341.589826449628 723.916562339419 24.276215364221663
6345.172445441656 753.9088193904818 24.496995536897856
6348.755367387256 741.9054094640293 24.51397095841135
6352.338606067674 678.3312263219984 23.864670140287874
6355.922178220402 735.5211760094182 25.412820771058033
6359.506032091542 722.7069174921986 27.35941821457256
6363.090339828725 720.0140548531289 27.539665085351526
6366.675199992992 727.4045283089017 26.937642051567362
6370.259993640011 727.3482437815126 27.25847348704723
6373.845477384694 726.3960868279905 25.273377555097554
6377.431234089133 709.8403989245335 23.65821300046997
6381.01721075009 699.5919971656382 23.597421093474964
6384.603555322165 715.1715013027778 23.77021737463714
6388.190253064686 731.4336621959983 24.036823484173166
6391.777222825464 735.6391699863692 23.89078364670655
6395.364615385746 746.9221851966171 24.29166482173032
6398.952328918598 734.432169999546 23.870719587072895
6402.540385638873 769.6848900950481 24.115236344869547
6406.128696919729 724.2513837104967 23.75072314387788
6409.7173941756555 722.8657566685392 23.65062872914818
6413.306392431861 683.2338550946768 23.10941089636268
6416.895782672522 746.877034555849 23.87174937312949
6420.485574672904 720.0578069493317 23.463906575156678
6424.075421180108 708.3068713064418 23.38655679258342
6427.665750688519 710.6146987492749 23.568694679279396
6431.25642495194 692.8862940629574 22.986006394529028
6434.847444392351 724.4643016320979 23.300132619968085
6438.43874994888 733.1430415624194 23.44336542549637
6442.03038522759 700.7346362917494 23.00396548255493
6445.6223319265555 695.5408323064322 22.838376000911065
6449.214633731496 701.4830784844623 22.83549007450023
6452.8075029618485 712.4132915593682 22.995246763191613
6456.400149710675 739.0263850926262 23.219751641031337
6459.993097004501 676.576148689397 22.513317227430132
6463.586951573515 719.8058052226916 23.38782171947264
6467.180845795008 741.1434278995928 23.698746378170494
6470.775052103589 684.5589363207995 22.988690742050174
6474.369562090109 664.804276852134 22.663048983474486
6477.964425603751 686.4134066432977 22.860539796451363
6481.55959801943 672.4055926599416 22.32871726287801
6485.155121326066 705.2335308723747 22.524946213683023
6488.750916474328 663.9241454677665 21.986067776021866
6492.346993683749 696.9285948539958 22.66321419466019
6495.943403448329 696.0461746425302 22.849530302286286
6499.540091294433 632.2889380531891 22.249144142931325
6503.137136298721 648.6300624300536 22.446949080095976
6506.734560260061 593.8241330668792 21.538847302786813
6510.332223975753 617.5935610702971 21.2794529569378
6513.930236809405 637.8575169864597 21.334185319608007
6517.528532924639 640.3739820838059 21.29520990811089
6521.126978367687 631.6196873172884 20.921907005686112
6524.72600434811 606.5202189007241 20.65979569987974
6528.325202862016 648.3889555311627 21.361351049218907
6531.924716150108 613.3686453413869 20.988315709262224
6535.524524090262 576.6211830818544 20.453857530339178
6539.1246442905385 576.081528451549 20.488917378897934
6542.72504010737 615.5241243676735 20.562781891304034
6546.325870451235 609.2232660235511 20.400284704514952
6549.926862353778 581.4796421489004 20.427324108454485
6553.528236340124 609.3947955273181 20.66060247989552
6557.129866052816 596.8749598468868 20.551065013957245
6560.731842709718 634.5619985826119 21.165432823239808
6564.334014898175 609.2263764884032 20.569257367971257
6567.936659195096 608.4123604337123 20.528060595947533
6571.539500648048 605.0565098550591 20.61619542614419
6575.142633429379 586.3406689584541 20.297088161188306
6578.746111645636 608.0980251918834 20.467335662866873
6582.349863438768 613.4172083234416 20.55132088913464
6585.953908181119 644.4380759286712 20.955078515768108
6589.558203668844 620.1957613601907 20.433172118403803
6593.161820562643 604.9276727490877 20.329455534026305
6596.76778803591 650.7129567337349 21.24599482205139
6600.372888979175 598.5217044191002 20.647847410605724
6603.977958775554 625.2031062566352 20.82209890461359
6607.584292216001 619.415464536484 20.971957874688457
6611.190323921197 651.2518749218857 21.207568485792578
6614.796725289396 648.2176235129048 21.157719641886896
6618.403481234658 685.9457384027165 21.613286676784238
6622.010470507543 741.8120766830472 22.07964576967375
6625.617678619512 644.1642190748655 21.004696523310557
6629.225241419073 701.6032059214166 21.874242421127235
6632.833077069017 714.8552678406187 22.035486777474496
6636.441168056603 646.4804805510558 21.1354055686172
6640.0496040082535 690.0336926366816 21.62748509389206
6643.658257452005 697.7749199921595 21.808540349033663
6647.267209734444 641.4432408246405 20.945605227016603
6650.8763417712635 673.5352790576421 21.094861328363013
6654.486025485984 673.5789076934659 21.23887735716046
6658.0958431087565 696.8884718222306 21.452112236207437
6661.705961112011 653.0692207814285 20.835606435827287
6665.316287262552 659.1568675668252 21.019374280835315
6668.927070805331 690.0804389375352 21.292827858685147
6672.537732925216 646.749828668736 20.610764257436884
6676.149151148368 666.4443448417757 20.90996217224864
6679.76062072368 612.4568857338681 20.26978475507608
6683.37240541775 631.4238175227578 20.375282145185807
6686.984474479033 663.4650879274367 20.677800118674554
6690.596795876206 660.2866147436503 20.70518361816232
6694.209445396231 696.6239841468388 21.05037478524682
6697.822638422298 633.6114653580881 20.2893717674164
6701.435223314427 623.641642075788 20.173410803490146
6705.048939132815 699.267013513071 21.01000786778232
6708.662603650208 638.9209850055847 20.318296267335153
6712.276561575531 622.3010960013876 20.083404667231243
6715.890819269943 617.540700238902 19.985555799531454
6719.505320371804 590.6728308846903 19.733047479585927
6723.119957674039 592.3342693851438 19.658689711608705
6726.735139682421 611.8154613445595 19.674372804918328
6730.350495673502 602.5679447096574 19.590352855160024
6733.96615996595 639.0690350890243 20.15746347068777
6737.58205053072 647.4623541749519 20.257594286551146
6741.198167021785 649.6880193503036 20.36520837503084
6744.814578393012 640.669703160254 20.258498799004528
6748.431279991866 658.6432372998732 20.356549335455814
6752.04824783698 664.2159280313072 20.371152615018893
6755.665426352593 652.0814776804887 20.312020716827018
6759.282780152853 606.1480061979348 19.842916425810603
6762.900591866684 624.472208005488 20.058229169356
6766.51865911701 649.0376875446912 20.20047788348921
6770.136806300445 627.8129676767222 19.905766686359524
6773.755597992394 625.1858378862504 20.149467171171953
6777.374227111989 596.0334846320847 19.42313910911616
6780.993172044625 605.550795242454 19.616326440129683
6784.612714702144 599.3842292955653 19.74861041862248
6788.232099634874 611.6609791592208 19.803465704168296
6791.851974823911 632.2611883804204 19.94750212522425
6795.472022815128 619.7103260423842 19.92308171758651
6799.092401965685 629.6273900234344 19.83893836718737
6802.713011429897 656.498301536669 20.121108033528223
6806.333585853875 616.6626037449142 19.645644631981003
6809.954983941697 630.3704964209472 19.748843001680342
6813.576368752501 615.0563837507253 19.597338976389285
6817.198075139206 594.6743134944098 19.17598238702226
6820.819835312949 615.9120066781979 19.884163433794306
6824.442034107469 642.4711681237434 20.43413175693351
6828.064250811437 603.1013114874182 20.569926395987334
6831.686860166625 598.3277550382378 20.915014505589056
6835.3095791619735 620.9192713849711 21.045930599573136
6838.932960867226 605.7517565811291 20.66813579660594
6842.556616494533 624.5830509671442 20.619998182220286
6846.18009216111 604.8417647790901 20.0354311438236
6849.804015347083 622.4871927428261 20.36987296492777
6853.42817449022 612.5009517925353 20.117405884985352
6857.052511377184 653.0502986920252 21.476416547189757
6860.677020081453 616.7525225507468 21.967534024521782
6864.302001001482 604.7809547801608 21.93415853261731
6867.9270732787345 544.6968133561111 21.61108616243265
6871.552285705238 551.0285131468771 21.496028255637295
6875.17808961295 564.0035641095579 20.877061863838303
6878.80409682734 568.783218357139 21.110695185298038
6882.43025289724 634.5317731994425 22.371768384051652
6886.056477396831 685.5360764587895 23.36562777204536
6889.683280024354 681.4997668418381 23.24575578364375
6893.310104824702 656.8366956158725 22.948296453690375
6896.937216592187 660.9444873129976 23.098210462603117
6900.564572931068 651.1742497989369 22.6034347458758
6904.192131609496 645.2278720372723 22.66928934126642
6907.819923257372 616.4252412627641 22.481770857830497
6911.44803191539 677.8766579202627 22.852779162775533
6915.076373178343 739.2662471906608 23.484386502669672
6918.704862309383 736.2269166524001 23.963737862198254
6922.333679976705 689.5346744361718 22.941135532218514
6925.96272429551 753.7900510475041 23.250187226482318
6929.59200612374 784.7707482338986 23.627596913462614
6933.221568813656 813.0107904012593 23.415914923403392
6936.851225071283 842.9573339167982 23.239927734966205
6940.481304141473 799.6338422312285 22.68267515145417
6944.111411208653 673.5479407406265 21.639384448085362
6947.741763782126 610.4345958294989 20.860525882872334
6951.372566842409 715.910009594629 21.79524121403453
6955.0032359746265 744.45506381531 21.824504881393317
6958.6351397348435 737.9304703055566 21.31211540948335
6962.266151923492 765.6672166920374 21.113564098324122
6965.897700655076 633.9753498850527 19.838217714440876
6969.52951300666 616.2176029239597 19.515079922249118
6973.1615498240935 588.7718467469264 19.415271184956673
6976.79382855942 558.0995064142193 19.095732297700664
6980.426415116881 567.8191130746787 19.071248133688563
6984.059187883007 592.6059374308305 19.250012247403706
6987.692244626299 583.6991541156025 18.960185753034132
6991.325466201787 558.6432053511826 18.339140444206038
6994.958957089282 588.5897454839279 18.80426635730293
6998.59265016169 576.4091978321237 18.532811258084756
7002.226541932766 567.705652302688 18.45809260996169
7005.860706884555 578.1154174144139 18.672800805274832
7009.4950194221765 530.9561847573601 18.16662436468613
7013.1296224541675 544.2579765818074 18.184340971407302
7016.764470874363 545.8658161133887 18.095519645303167
7020.400693055677 536.771510891119 17.882897273811555
7024.035602714603 581.5500403093253 18.177954193879714
7027.670141049871 547.7953313749443 17.65697658049801
7031.306066131297 573.3448536851979 18.056406868427157
7034.941961967864 522.7496458545113 17.513923928952075
7038.578146467589 555.8239104217633 17.88531838308371
7042.214516847555 552.1609382609539 17.92387028002909
7045.851134467238 563.5604934140551 18.101371280689637
7049.487969480718 572.0734400946668 18.2451637171617
7053.1250234583185 555.2692363919853 18.137810839905367
7056.762271419255 573.975672099171 18.282165107220337
7060.39976179903 524.7371635628874 17.766052814580195
7064.037493232902 563.729119284598 18.22409211492681
7067.675276565878 562.7112669851026 18.24386276949243
7071.313274924738 556.0995606851978 18.017249871940205
7074.951942999446 574.0893344648895 18.494799891552603
7078.590507974422 540.802794413722 18.238180973728056
7082.228873637432 576.2230316625274 18.52015110009368
7085.868352795478 559.8102001235353 18.436114881339453
7089.507599116085 573.483133508824 18.44894699450394
7093.147065325698 599.9789016951773 18.801260763262647
7096.787000263803 625.1047863959561 19.005150978801126
7100.426600344864 672.9474859304654 19.22129033564935
7104.065980296028 607.8793804324205 18.370203300441233
7107.707093254894 610.9882414480139 18.592739963080895
7111.3475304508565 578.2078195463662 18.193949265690843
7114.988393454149 617.8067997604903 18.470148377125096
7118.629274599852 610.8517568431618 18.29874988983991
7122.270394784376 541.5733708631954 17.513616198608357
7125.911674905732 531.6633078348473 17.234946679876703
7129.553302271294 510.2752620526624 17.16762226360085
7133.195587995273 523.0906055644297 17.348732672535654
7136.837162217192 554.5094518396064 17.56584593825981
7140.479314908025 531.8936101551537 17.49501572674113
7144.121685468612 537.2274769430958 17.363625115617143
7147.7639627881845 541.6015112593602 17.387328680240792
7151.406622123081 530.5400341718486 17.197950055101547
7155.050306923107 554.6358625947797 17.60455653031421
7158.693558816669 570.2147180802914 17.69259110851009
7162.336909101116 546.1925502875253 17.37354709390438
7165.980718037788 542.4844253127708 17.331853209475362
7169.624430847164 498.8238984130872 16.826885525532177
7173.2683769217065 520.0265489638955 16.77982317090168
7176.912949131913 533.9814769067143 16.95221977258416
7180.557457207371 502.2070128727037 16.5042770392377
7184.201401778848 508.47867634765095 16.40739707894154
7187.847292165185 540.5602219611812 16.638208278118565
7191.492121466099 471.47525751746383 15.815479579273607
7195.13752171697 552.5077484655299 16.80715131278415
7198.782498816147 491.8653170647183 15.856986079635396
7202.428438300227 529.2253168299324 16.3998892906329
7206.074177465829 506.3662730350325 16.01759487290217
7209.720737879003 499.52951977720863 15.959256867390598
7213.3670718088 512.032196388426 16.1765727835492
7217.013594016549 503.227343442807 16.005284142045408
7220.660165051502 516.9746010304815 16.07945620532049
7224.306938548199 494.46001489082164 15.833410885804705
7227.954313057468 494.1730025691143 15.880699705639941
7231.601612078031 494.22256430815366 16.22541225526683
7235.248978885349 473.34680253754635 16.986436387836402
7238.896607456425 427.4420240344732 17.27675998916598
7242.544500769486 447.14315789051733 17.77858527636563
7246.192630380827 462.97909295597617 18.091893472667348
7249.840995132994 448.8847698300913 17.347893938905372
7253.489017079325 480.0359104283498 16.876945518140143
7257.138386829204 428.2486423712982 15.462372446717703
7260.787070457167 465.78782498130545 15.649202647334691
7264.435955362174 490.62641058231475 15.88862447719496
7268.085627014312 470.119700946684 16.238651983005003
7271.735000297577 461.4627816813304 17.46974609230466
7275.384680520923 463.7610602205855 17.60906231218792
7279.034508849197 465.4010167669264 18.196568973166475
7282.6845952332615 452.03797173846584 18.059285565686338
7286.334614506198 453.9864047471084 16.82550259541528
7289.9853461027415 478.39500684637886 16.85150965986221
7293.636173731261 467.6112996011656 16.42510687190448
7297.286620055427 459.2849232663195 16.01094992378774
7300.937582185063 471.6559810225832 16.26702721378059
7304.58929219703 455.2874199246594 16.188222578461144
7308.240627455287 478.29675977509226 16.999369795263494
7311.892180330484 458.86879357149303 17.557740060331433
7315.543983974517 457.35534000405477 17.51219166130672
7319.19596411613 445.1396547722467 17.347697170121815
7322.848134445317 471.4191667152466 17.968559365233837
7326.500623697148 472.6026854407687 17.041379275605887
7330.153194580805 464.216475332944 16.63520839793071
7333.805832931384 477.44730012595915 17.933590851538263
7337.458608647055 450.8608393792774 18.22705711986797
7341.1118678524745 516.4193203020658 18.507605233247265
7344.765200592922 483.0384721068792 18.22625707760209
7348.418745169472 452.3270293209171 17.669278429776213
7352.072521361556 459.31084674773814 16.675551309832606
7355.726368608238 418.39984403555604 16.23264838035381
7359.380477359464 495.9541911801715 17.12708195567444
7363.034433037536 478.9460058589431 17.875551964719634
7366.689022130527 476.10258118805405 18.11854817695079
7370.343709781038 491.98689325131966 17.88135943563361
7373.998464302885 451.9373739235177 17.432665873929665
7377.653572017627 466.9767046021724 17.024442018790445
7381.308797812143 450.999311989311 15.866879499749842
7384.964142096447 465.91188584556113 16.36526356195933
7388.619015245096 429.309490911823 15.966384338638665
7392.275389305699 460.8057919159459 16.382828132154927
7395.931203770447 443.4758248732634 16.88834137604929
7399.587295448934 441.9426606914103 16.80411865659723
7403.243621462296 467.395285971742 16.820928264515242
7406.900047931408 427.39690869969735 16.336080407694073
7410.556777215688 462.3179385879872 16.216091734186854
7414.213390999458 453.6173490443156 15.605557763186019
7417.870647865309 443.52769929841213 15.505903585681162
7421.527055220509 406.3937916421976 14.938386191656884
7425.185107844397 407.2305708040051 15.19129619294131
7428.842239317793 419.9239304153139 15.304616796185828
7432.500343915784 435.9847367512771 15.952936907688366
7436.158296945256 450.8640698404334 16.075936692425444
7439.816373813044 474.62899696410756 16.27295936573402
7443.474668626243 473.16299956054297 16.27720570967782
7447.133122043113 464.00740999024 15.897738746673756
7450.791789816944 473.48152288174765 15.788855053110723
7454.44980933879 403.7081257681704 15.025137979239139
7458.109504316186 418.4560415973578 15.421529142152709
7461.768557340949 430.4770129773716 15.689175278804212
7465.4279566143405 430.07254296075695 15.99907591894464
7469.087357752586 427.7360482438567 16.147115154521362
7472.747081163309 470.20540405210636 16.953316474068394
7476.406848206331 440.34151156184527 16.801554727078795
7480.066958080057 458.50252748320435 16.899310729079414
7483.72711583126 415.5954467068512 16.080834921522708
7487.38754420092 468.9663250733748 16.413882916948307
7491.0478874625705 411.33689918834483 15.450683075025136
7494.708969841894 434.15225879106276 15.372718955721473
7498.369396083525 404.2589547151045 14.892807750578864
7502.030450541325 389.54379821903973 14.492523383011918
7505.69219831542 414.9268407740639 14.799932464897688
7509.353655158069 409.72456368024103 14.889867712130373
7513.01522524531 424.06293506622603 15.014280270959489
7516.676912752033 433.952377836023 16.082557867290156
7520.33875488007 402.38958675086946 16.199469153659745
7524.000888986802 402.4145116615829 16.557280715634434
7527.663119089284 369.8323471976446 16.125539143968936
7531.3256769646805 405.7003673020385 16.355700568425824
7534.988451711507 428.4139256230856 15.693533987381905
7538.6512957436735 393.99198259573683 14.987823228943721
7542.314305147093 404.6489540278223 14.951022377779971
7545.976737770987 422.0064415459828 14.992936754903818
7549.640810427547 430.4031372018534 15.372814320830143
7553.304283979827 409.169801413204 15.211879828035002
7556.969457089817 391.43394846184435 15.050777013020909
7560.631784391895 428.49953142529074 15.492151143460283
7564.295641678999 377.42137049775886 15.353541941601195
7567.961920797828 399.3856511898748 15.92221360782901
7571.62422079825 415.24039543082984 15.880196683628975
7575.28847705108 404.8596636580243 15.851775654756883
7578.953426473749 411.4783024487191 15.805502119368331
7582.618346031186 396.8969688296736 14.949091623781568
7586.283393255085 418.25419651714486 15.129508073681354
7589.947575562806 332.43538084661066 14.00115295323415
7593.613616952602 267.18480695204676 12.705319908998785
7597.279371964087 209.33091692431415 11.318047999337322
7600.943499213026 136.234373775914 9.529238973316762
7604.609922923016 103.41844011659116 8.956583634672569
7608.27673171186 106.54766189039967 8.917210067505346
7611.943032872483 172.31081021461222 10.697149093004803
7615.607703486472 206.2700840843676 11.215218199930215
7619.275801796162 281.05796187772364 12.740313517314354
7622.942696527118 243.31971419968514 12.505253451547958
7626.608798000648 194.5006296024214 11.36140190720748
7630.276562673113 206.52986850879634 11.613089189511127
7633.943728846202 206.75480031301774 11.622888368842546
7637.610605389426 234.4550457405337 11.583816782600014
7641.278594200854 225.31022764907584 11.670568826896584
7644.946408509486 263.1613850588057 12.470829890861932
7648.615822145937 288.05357301349636 12.947686213748092
7652.282321711355 313.5862173064807 13.410416941052059
7655.949783771279 331.92839864280745 13.960275841485744
7659.61882695173 342.81703174433517 14.374616938833089
7663.286652077444 329.94213519208427 13.863389204283084
7666.955371131832 373.26487827417486 14.55020320367574
7670.624831832973 341.3639070800771 14.107919811502342
7674.293726662678 383.97214594373656 14.647297661179522
7677.963058267064 390.93297703955574 14.902252214590256
7681.632372045056 398.8526221512654 15.045083170519044
7685.301787419795 386.97782032679555 15.089558894903261
7688.971457200147 396.18753752998214 15.276885362845938
7692.641247746262 384.047304235294 15.120117792504258
7696.311317132231 414.4520383505564 15.327081686654664
7699.981368864335 398.7328998620586 15.152935482357313
7703.651595827169 417.9475829656863 16.021432363535855
7707.321890520037 393.31220778624305 16.883463127618167
7710.992459323572 409.2965076810398 18.02425059752027
7714.663226507722 417.6830678698195 18.329703117592597
7718.334150968305 381.7483517302419 17.909979072564628
7722.005318464053 358.4473874703719 16.574803946812366
7725.67677047204 388.8768145279126 15.54307249456314
7729.348195256047 382.4060294787017 15.166775646314921
7733.019813501043 365.85130350935907 14.582463270262002
7736.691562050665 353.60248595978055 14.22264084539562
7740.3627617654465 377.1300747411535 15.116399509160638
7744.035414954875 404.20594320979103 17.01874618017599
7747.706309930328 392.8333398928907 17.09388752558808
7751.379806661898 362.0649693326978 17.041979981242584
7755.052388064173 378.30647208322887 17.403756125519628
7758.7252331874015 378.5126939438135 15.847782525928395
7762.398134793183 370.959228592555 15.070977537981854
7766.071093184172 340.5019780301259 14.691736620938649
7769.743750355632 354.6145395636078 14.230863817600458
7773.41756935779 397.20339141109633 15.082504459993803
7777.091186323001 374.1351152887274 14.991068038357076
7780.764184166192 347.91515497642985 14.371146096109308
7784.437866024692 366.4898090839273 15.247712267753743
7788.112442570538 380.86683003979704 16.016015641638784
7791.7866158042725 379.1284317495478 15.824452928887121
7795.460821928205 361.1476831060701 15.736905006600935
7799.135362746706 390.8745215511924 16.027095873770996
7802.809402134294 374.6978075873385 14.82059322711751
7806.484795173031 358.4332616880992 14.427633512201451
7810.159575917515 360.4693544539075 14.828975297485515
7813.834579102045 377.1560198501439 16.44847367114248
7817.509807476181 359.934480577475 15.943143727800592
7821.185145456321 353.0521268209549 15.725193654763116
7824.860670883204 344.1841669698351 15.882694695573118
7828.536590651005 357.54158448769385 14.768667000324584
7832.2124083300905 334.1861332479183 13.927363922514159
7835.888396987576 331.25869538498273 14.106673992295573
7839.5645506813225 375.8796938841982 14.767619088279453
7843.240745028339 366.5370615526092 15.753217841141552
7846.917096509993 344.4254715479012 16.571223098711144
7850.593770093451 386.8838266380317 17.166765848082076
7854.270450424315 340.34840992650425 17.01887651441868
7857.947448759919 373.3393108021264 17.35642440101119
7861.624540681782 324.3402000984195 15.954730810584168
7865.301808096466 371.4786279653813 16.082439936872717
7868.979297082091 367.4958563906718 15.785568220390322
7872.656788997419 341.7350737490724 15.670096836634537
7876.33459624245 358.686076260581 15.411619672421786
7880.012376182002 319.4888650788029 14.736438307123295
7883.690381825449 352.98567633765646 15.296361686325316
7887.3686434433475 338.3762374981838 14.723312809695432
7891.046987128147 347.0745577720183 14.58759326036858
7894.725190609232 360.0959530899838 14.347838902305629
7898.404287854567 333.785316455274 13.320704346628293
7902.082896763464 364.55994556002184 14.413910765695613
7905.761633225625 346.2673166470194 16.379990935989074
7909.440682800459 304.5481371806203 16.31901360920831
7913.119906973405 336.95954109983774 17.489919973040248
7916.799361345408 362.54273221249366 17.83223592008047
7920.479002519669 330.9774622167941 16.020508425277153
7924.158754595168 360.73928895025716 15.755557480297703
7927.838772843335 355.37844871562 14.844868467575209
7931.518791730822 347.4782650419348 14.322694118751327
7935.1989742394335 354.7842789068358 14.586034173570242
7938.879284109739 332.5814217430062 14.001914259790954
7942.55978580787 369.8878090544626 14.572248211245347
7946.23999350682 300.27971437194833 13.49744007980108
7949.921109606256 324.69217006096704 13.865183538699029
7953.602394162114 350.7602025154684 14.673508444248041
7957.282993257264 358.83233905189275 15.85250416859225
7960.9642311200405 320.17314738362046 15.4077027253013
7964.645558133176 332.51896275901873 15.63126944616735
7968.327225250935 325.6036591874725 15.627688907106162
7972.008897644361 337.2376581919329 14.853470114427662
7975.69091339782 354.5634237283767 14.394180159518502
7979.372735339292 314.5385255046534 14.190333620094014
7983.05485339608 347.9204048241849 15.77816854518293
7986.737092385196 338.9608057563259 15.922165302365988
7990.419644248361 356.8815082149353 15.961781525178337
7994.102126674984 320.6094348110864 15.741621009628947
7997.785074178874 355.7787823148717 15.681561324437649
8001.468297210942 318.01924984900165 13.30715814048581
8005.151132087588 343.58641047532006 14.12280589217115
8008.834335450219 339.62774304874404 14.192979362493743
8012.517687830082 338.5368484211278 14.235368307278096
8016.200994545183 340.2701794566666 15.85048311501092
8019.88474134917 347.94300667917486 15.888506442400546
8023.568508066818 305.28349135866176 15.068820239684223
8027.252533219804 344.02501308232974 15.61464110944591
8030.936759007517 321.1686534371489 14.492158397565946
8034.621200252538 330.7264553688685 13.572618844945
8038.305609374136 327.08957845896094 13.372460291255086
8041.988994242669 353.3247639944042 13.99684033499623
8045.674873696154 334.40622209962373 13.872395069933953
8049.359633002837 303.77559482903706 13.590220337938744
8053.044597688229 331.23678656708375 14.728943720460272
8056.7298790202785 348.043127816858 14.72794504132022
8060.415206590163 335.03080037274896 14.282663258995578
8064.098975679721 348.9264597418988 14.299103556852995
8067.786288610952 335.4458349990151 13.611056429052445
8071.4722619786635 325.3418320099497 13.273567362581572
8075.158164783967 337.74402015283863 13.42577752652432
8078.844303312624 315.55593083585245 13.09116358192503
8082.529114659871 269.79539595817977 12.308539482417578
8086.216843629394 324.6666087833281 13.442337446763672
8089.903347515635 310.4828686138483 13.3108266523082
8093.590033153561 331.28377192821847 13.660665280105226
8097.276840489101 293.45325509380865 13.176228122667323
8100.963936719808 303.17676016730155 13.084141304203891
8104.65105869754 322.15537839771133 13.36889924742776
8108.338363784755 303.8799723913766 12.86859036425457
8112.025839693396 323.92222993852073 12.959040687569066
8115.713457957531 309.54593790001724 12.807373594085242
8119.401161336299 306.35642447364387 12.728102881910326
8123.0890440461135 288.9285948663961 12.500053416955549
8126.777059691234 280.60959365363055 12.47587529049926
8130.46506600306 297.4193063463563 12.58620726081854
8134.153620518162 287.6633767464235 12.437945790129447
8137.8421575373895 322.0946724671668 13.096455461218268
8141.530673896448 292.20823542987875 12.647765085403202
8145.219612273415 275.57588234350163 12.281598938129541
8148.90812017735 286.68482416754205 12.255834425311475
8152.597725175343 306.3415984673694 12.48112717330156
8156.286970260662 295.2949889408168 12.25623891842831
8159.975935807788 278.77048577771404 12.028460847114872
8163.6651853862695 274.6332106974779 11.892396259204887
8167.354917834436 291.35033600420724 12.130946768528492
8171.045544216392 301.9915507588123 12.278583846480377
8174.735489904944 292.82255743739603 12.29394417992852
8178.425730637763 317.61140561743247 12.648883837368132
8182.1159630635875 298.9077627653513 12.516077716451198
8185.806619272507 271.5785832509945 12.209412381839988
8189.496970588431 284.75521998141954 12.45563464580298
8193.18773459985 292.0527654440832 12.501793950076168
8196.878663649642 324.88528164822054 12.979366122127656
8200.569763045847 294.9508904885105 12.539208355394067
8204.260996440613 289.88078615756496 12.405940168571034
8207.952352935756 308.0149967345124 12.671046848719975
8211.643937383627 325.48917994424625 12.905405364160346
8215.334440845467 305.3798373744331 12.627948139073576
8219.027390039315 278.4091017592674 12.198077103172006
8222.71934260915 280.96338731277285 12.252551094773368
8226.410983134034 283.7202254271186 12.238917265746656
8230.103719969082 283.29183497435776 12.48213977232206
8233.796179525934 289.7836574960697 12.651288972202046
8237.488458184762 302.2183463479079 12.950930562360353
8241.181542279386 350.3652058266338 13.743532779985744
8244.874515415037 304.9766764192935 13.001219948456276
8248.56737869915 313.8914803714375 13.235068835474388
8252.260588737505 334.1656544489837 13.605187535165637
8255.953991697728 313.14944178347184 13.2486447437752
8259.647414436411 305.85666774413994 13.134399027610396
8263.34100695705 302.35090748012266 13.09071548729031
8267.034670431494 316.0948138270777 14.032657866698573
8270.728459988593 276.5483363868485 14.555726375879559
8274.42245484429 294.9493371174949 15.549825152021555
8278.116651542317 289.629672019704 16.647121894882652
8281.811022767857 251.73310741318537 16.099843365184732
8285.50557028392 277.9618637630523 16.65002945420015
8289.199812235223 267.1912325700393 16.845625219965562
8292.895253867839 285.80751574418076 16.05541701252733
8296.59026406823 308.77436268698176 16.15822300336063
8300.285500749744 325.0258445111333 16.182371417674567
8303.980970786219 292.9260532671856 14.19812199124141
8307.676419742269 295.0764819802734 13.96864758032168
8311.372196125325 305.24999812477466 13.803597576753441
8315.06751541811 299.4866288013458 13.132930074891444
8318.76542284732 298.6266058434633 12.916829702218273
8322.46206533806 300.15534605910153 13.037725871509478
8326.155174876763 282.61839140008334 13.012857807775108
8329.852278762237 310.67596780314614 14.847070339765454
8333.548651251673 316.2816017281146 18.273124058314366
8337.245344263174 318.2611186923528 18.695968100465908
8340.942144122997 295.01246343829354 19.16545938695324
8344.639170589371 299.7178502285194 19.225685702802718
8348.336523735288 288.1433691410227 16.141920187387754
8352.033839885076 291.80367010895645 15.08685774436484
8355.731470650262 290.5209287514589 14.279586898194177
8359.429150200402 308.5867146176198 13.625699696045755
8363.126998812133 300.06137253216366 13.55843345843042
8366.824795037073 280.26567973897414 13.136228663832417
8370.522906350228 304.9874120865769 14.101656459265335
8374.221002753608 261.45046562559713 13.511296914365236
8377.919479911166 290.40454346776886 13.950844764426588
8381.617951600732 274.7507953277156 13.865515384351074
8385.3165470969 298.05025100032185 15.406053190031484
8389.01529127226 263.2333908976016 16.00657788098806
8392.714337979016 274.04732089253105 15.993992301554378
8396.413463711397 270.1674718408492 16.266008710658138
8400.112900190772 273.62256496453676 15.715903392110473
8403.812489128668 280.5090159758444 14.296593601778353
8407.512216248992 311.878773172283 14.384207497358219
8411.211943970677 327.6340472427922 14.752032915558498
8414.9117603793 313.653000042577 15.68351458918036
8418.61166864717 270.20059274500625 16.988160142848933
8422.312032070235 302.6080122291422 17.064547845507338
8426.012374756277 295.1857715386114 17.061951179453995
8429.71306752959 289.48229182322706 16.569953816966933
8433.413987252261 272.150493272951 13.837826412330987
8437.11501049882 299.9520487742185 13.524553902329666
8440.815875468057 315.37141342163386 14.572745436215035
8444.517109060293 277.17660034941485 14.123413606429317
8448.218270757288 274.754489837701 14.34833404025264
8451.91974620341 296.015776590064 16.312594181294077
8455.621378976335 295.956645809767 16.27570025988809
8459.323284464921 313.77033575115246 16.30398706200405
8463.0251656444 273.4698491080757 15.877255161520859
8466.727554341755 283.6470687787272 14.830155857718378
8470.43002936466 274.02260699181807 12.802161390947875
8474.132718475257 303.5070402078545 13.206831441691106
8477.835008989367 278.60007704239376 13.162730650419075
8481.537765197958 316.47364849326755 14.282624712071582
8485.240027742897 313.2144895754233 14.26949152813667
8488.943752285468 298.66362753740475 14.77102897007206
8492.646827230963 296.3276412276744 15.721187116830972
8496.349914721231 311.1100169374127 15.665865853246594
8500.05384501449 286.3309437571746 15.171445432132609
8503.757587759908 284.44680362673597 14.783185468965346
8507.461712593531 299.3751820496549 13.965606002363648
8511.16577584848 277.19515332340893 12.956715752108835
8514.86995856305 292.05736460377966 13.449768198027085
8518.57493078163 277.46024555349345 13.004691527308577
8522.278823786484 298.38677008834344 13.484773256581084
8525.983449818363 274.5702551421197 13.422613278924201
8529.690476291304 270.5751833820442 13.38822803125689
8533.393356042465 280.07886915763066 13.79223829953364
8537.098398996068 293.1521420645592 14.162327822008738
8540.803807827413 299.49940920616143 14.027577836521472
8544.509250510564 313.8519003163788 14.13839411463245
8548.214976249832 295.88490887258564 13.689207706107416
8551.920863151994 279.88848507497056 12.780124492097801
8555.626734176956 274.3238784301853 12.527800758882666
8559.332597420716 246.95453890712298 12.063938617568793
8563.039201530628 270.4832173708042 12.528513078183543
8566.745686030554 272.2493416143623 12.39706288072591
8570.452328010366 277.2180453880437 12.295907381177118
8574.158596192301 261.4836576597406 12.143599011176418
8577.865977003687 273.12364314596067 12.423348367711807
8581.572946899438 279.5415410232842 12.544232877471819
8585.280274050243 251.0383888790782 12.387082589230637
8588.98777726494 263.2079639313231 12.456204456947159
8592.69536947116 259.98911908076656 12.247638496358768
8596.402098380595 253.05884544529872 11.976707796301728
8600.111122734459 236.5844787476281 11.686288989747737
8603.819172541807 263.1649489254802 12.359956807572209
8607.527342657057 261.2388504967452 12.63248084658381
8611.235627625301 244.8481171743547 12.878614619239686
8614.944217959694 268.0050138251447 13.619247379850584
8618.65300378482 240.78017092573353 13.333397958193185
8622.361833179135 263.70509016500137 13.892578279598244
8626.071037266342 280.14414206625884 14.066738896924926
8629.780171642657 229.27493909803118 13.103498406833198
8633.48971067894 264.94487724981053 13.56953560243985
8637.199163587 262.2376397639711 13.609833751483814
8640.90898481813 260.70611868071217 13.902067106988985
8644.618804853075 247.99873685749344 14.01490591277772
8648.327964465985 265.3794135313655 14.464618905129534
8652.039169114812 268.6493248802514 14.514954280437886
8655.749608864206 260.7188942280806 14.38879986901121
8659.460194222927 260.58728262776975 14.184433274283432
8663.17115854405 284.61320956996326 14.002918050553768
8666.881918350413 260.9908741011779 13.749580219213827
8670.59311266578 272.76399451805 13.62578175981277
8674.30435710456 271.85811726546734 13.41102704843601
8678.015866216283 263.32064226945744 13.115074464053041
8681.727404852292 254.86914575888397 12.87577227431023
8685.439240592292 274.9319588621784 13.191701545470602
8689.151121665647 269.54965517174185 13.012250449400382
8692.863276283755 257.10997924592857 12.694959827183657
8696.574396102484 285.03388970259135 12.913080468046317
8700.286444054762 269.1606987422915 12.828580962561933
8704.000564179092 244.99178538080642 12.282868662791278
8707.71343915983 264.0167106877733 12.4892912199004
8711.42631159602 245.65610614367927 12.243567260174983
8715.139487021881 260.60041152542027 12.34455473254725
8718.852767188884 268.51036220803377 12.524726657709332
8722.566126846606 241.71835244933433 12.047776467949701
8726.27990215889 261.6735661793586 12.219817897183093
8729.993787479698 257.24248597954914 12.232660033207402
8733.707653472806 227.134860528011 11.790785962896935
8737.421858209405 244.47342379587226 12.163727972235453
8741.136008438036 272.28684300477585 13.268676128929071
8744.850330019519 264.12057285039424 14.83199441858437
8748.564875207367 255.39428999095884 16.106380026611628
8752.279617430708 223.21895134537615 17.454390624125775
8755.994708353444 263.9134702441059 17.959172360124647
8759.709847523536 221.2144433157785 17.79889226893665
8763.425333583153 230.2247576197678 18.377808902464807
8767.140921755396 234.6557257788378 17.058111699403106
8770.856598973902 238.80399762945152 16.53546482893649
8774.572525854821 295.11366614758913 16.694628279459042
8778.288830591036 232.09753565225023 14.179109588137242
8782.005259535094 259.9341797505602 13.88743944009734
8785.721627670559 226.12000288787098 13.276684641148305
8789.438384551231 247.35897317957892 13.096133690606448
8793.155254888732 247.27729021059932 12.622345004461016
8796.872285858879 251.27850596013172 12.605562340264813
8800.589276044624 222.85678195338122 12.243589481462537
8804.306478051945 217.0174087644586 12.49339115715038
8808.023580903215 219.64567197212045 15.774789775396721
8811.741220023847 261.0847249058515 19.417520448813445
8815.459071685145 241.02580873078244 19.793519103537477
8819.176606393894 217.49379059980765 20.288400017208456
8822.895375050235 224.53477522306784 19.857926007366423
8826.6139149442 237.48393032513127 16.600595918024087
8830.33261043489 245.47411767804766 15.429412697965438
8834.051383433547 218.8673414803613 14.311574222280791
8837.770563169765 260.6284802960637 13.705590142882981
8841.489596867896 239.17927140989673 13.367008162184097
8845.208973277166 229.6654167392616 13.17040462629094
8848.928308609504 254.10716139272395 14.17093249360957
8852.648006880852 261.63895644213136 14.879524787829043
8856.36775162959 219.2370061617213 14.287723968760291
8860.08881033278 262.63218578521895 14.994497815505225
8863.808037895817 233.97192592343035 14.531612821910683
8867.52822148064 273.7297087814051 17.305281329647507
8871.248877611677 245.63834772273592 18.167446216336337
8874.96949077669 224.95902817893926 17.970271050560115
8878.690540871909 234.69968431153137 18.063354181545456
8882.411807595176 250.81352036411573 16.81452225426211
8886.133305837884 259.0525183510386 15.436714785177152
8889.854538067952 216.380273095143 14.922600345183584
8893.576459080914 241.7982520080112 15.244908490411628
8897.298126916912 236.42684717163948 15.489717278651082
8901.02018831416 275.7333865201794 18.138245828164862
8904.742265255647 214.96906171679757 18.14093029887562
8908.46484495873 243.73337175339532 18.276830495625568
8912.187366507751 210.16549593860438 17.752953990617577
8915.910558303674 251.84949496211576 16.3264187909819
8919.633596928861 190.40946038447376 12.37440957777396
8923.356806186443 229.78276516130148 13.532990110218785
8927.07939264305 210.2579260941163 14.01976038025962
8930.803710137916 221.81982743116225 14.240343229899088
8934.527305548774 233.40876167445384 14.75624481619723
8938.251167186181 219.4005425180894 16.322463910383913
8941.975218916325 210.1034238548164 17.02749144948714
8945.699669700467 227.55304521953877 16.943266705569552
8949.424091224368 204.26934021972613 16.723808091726916
8953.14908975348 242.91386357249374 16.166036799247543
8956.8741293154 207.2312921472999 13.031288765050896
8960.599438460113 226.34137709448538 12.915460932015488
8964.32444204652 199.81737958288815 12.81064743686369
8968.050206472424 249.59017279526842 13.993077147631004
8971.776291420048 190.23987053219602 13.769600473384175
8975.501603510642 209.29364158760507 14.157997154907871
8979.22730786531 199.11229111890322 14.691119812129651
8982.953610800181 243.77946086944715 16.54076593184426
8986.680036148942 211.0068206894068 15.836532692903088
8990.406711452222 207.49383272416907 15.41380153928218
8994.133587516368 193.60269017696862 14.75384822637962
8997.862647308879 213.8676057028661 13.368462314304262
9001.588207857021 192.48340298912007 12.198312411006897
9005.315656116678 180.69742697575805 11.638774801225717
9009.04329545934 195.58161910102734 11.892175484418015
9012.771014051556 173.88323909606103 11.52074304407984
9016.499000670332 204.74488784720683 12.33673472172983
9020.227286786461 220.3150619348641 12.861317703982387
9023.955600154257 193.41454755285406 12.47237664895214
9027.684162736792 213.7981917796412 13.378663021670468
9031.412968561874 230.1080989400585 14.266468806772263
9035.141982806776 201.92820643613186 13.54180565482953
9038.871151198664 221.26637462406615 14.14694829441683
9042.600812049988 241.59946836885644 14.249144002393678
9046.330811444057 201.39265313620183 13.008883960391536
9050.060349717682 231.02237618159603 13.480378689861249
9053.790310099557 220.2191659905169 13.19465991850654
9057.520608452862 227.0452802660349 13.340669720847496
9061.250960033025 229.52405181612437 13.310462827991364
9064.981547651008 205.80351075691112 13.262727868615404
9068.71242001596 217.3462980717166 13.543670679948722
9072.443453482349 212.03753674824492 13.683972844798374
9076.1745679467 206.84033693735853 13.837280897563195
9079.906086897301 245.71686738183573 14.607857090430391
9083.637809542955 220.4498573998498 14.387931222982003
9087.369612080018 206.78991821289054 13.875459919727819
9091.10155670624 203.242373750507 13.940548007011602
9094.834069132647 227.51304292532393 14.025035981598453
9098.566498150392 218.73607789032792 13.490146518792958
9102.298788415741 254.98838933085722 14.023701772252942
9106.032416430611 230.79821184012002 13.451209148058371
9109.765228794036 223.84453098456999 13.577215223187608
9113.498540166167 218.49713169276103 13.433848215048725
9117.232133171494 211.89568114809217 13.118280615031166
9120.96580489011 193.93694259469711 13.041108866094563
9124.697257765913 193.43209892751287 13.414667783992291
9128.43378377271 211.68886383687456 13.752969629031387
9132.168610951903 237.29267417986597 14.30899137800665
9135.902650384724 199.71165927937156 13.940155965520237
9139.637400254936 196.55311426498815 14.101991712505852
9143.372505261807 217.9696619024742 14.414976310559867
9147.107583054045 192.78975389535782 13.87886875985652
9150.843219289864 223.2413678434844 14.205084955542013
9154.578524462762 225.40429635521562 13.968146107042774
9158.314363581754 211.9077434923648 13.7674453824044
9162.05071226812 209.59115710988192 13.712770816716366
9165.787556675145 217.39857100822152 13.614492109919224
9169.523478914833 209.13196113100025 13.593835951466748
9173.260345235609 218.82404729380576 13.699276795513086
9176.99729272094 250.97111236909242 14.238382415569413
9180.73323350948 233.01790823001116 13.886077771334394
9184.472814231505 206.09316409433973 13.240395290844171
9188.211330738031 216.82269794089908 13.850821868848634
9191.946827613649 237.6759744519709 13.987097900304683
9195.685079682231 242.83054286814874 14.475227572437317
9199.423345722682 220.51793913247656 14.177468859917601
9203.16174414472 228.02038708545345 14.43740002599238
9206.900142898563 227.97048348072715 14.513922315946768
9210.639294995754 206.88545652936864 13.93816343224134
9214.378424717528 217.52400874266885 14.178002052333092
9218.117845572437 223.42940037470782 14.150847992570027
9221.857401670455 240.68025846877404 14.395221495670587
9225.597143311026 194.81153761489236 13.438302716502362
9229.337028835998 181.11657891575538 13.266436886260877
9233.077428998207 258.21884772019837 14.85466125152721
9236.81775670449 212.59701285923126 14.13775421502771
9240.557306891043 207.44975571643255 13.891548627817844
9244.300335855403 249.27482377589092 14.767325862376858
9248.04065152985 233.7019517047553 14.638589848853215
9251.781888888607 227.0396275744677 14.525559096099206
9255.523574789835 230.29776002275526 14.773483544569642
9259.26521543258 225.18106291887864 14.888089449019342
9263.00724757558 213.6112206839355 15.089936818782526
9266.749421834822 203.9131258228 14.85076803506052
9270.492007542482 258.7165732493794 16.44689535708123
9274.23464267033 215.44814664867667 15.798380860136941
9277.977561465033 233.79552006509078 16.696891872118908
9281.72043725575 236.17784288486723 19.163178187002345
9285.463674641758 213.4803753216649 22.03759646758628
9289.207185896348 228.86765684896613 26.284667711430778
9292.951049294541 176.51671824255362 28.035004177677994
9296.695071209697 167.87804242579347 28.619688589977315
9300.43950214163 192.87733758283161 29.812741103109982
9304.184154769378 231.5553969112237 28.545331310820362
9307.929110454206 240.9576306301767 26.234972314895035
9311.673986338104 174.89661585682157 24.30351420628093
9315.419514597212 179.90403388299828 22.779918210651886
9319.164929333465 163.59810730246795 19.6556842826574
9322.910810796626 181.2711587798317 20.287340709831582
9326.656792161097 190.4151939086896 19.820645915075946
9330.403258868319 179.08517626417824 18.34203636238511
9334.149490032416 170.42225275705408 17.529445581598974
9337.896388183995 199.12600638071336 18.21803698912154
9341.643109464501 161.56733996356945 16.9303333462558
9345.390322920008 173.96935678411006 17.51923682906814
9349.137295767616 188.3826804518181 22.34894547525531
9352.884887132564 196.02722961882012 27.824134729276537
9356.63277634514 170.37439271454195 28.025845445065364
9360.380945369856 157.06408558107077 26.95712130007276
9364.129376147857 139.5746961656591 23.768497650762647
9367.878374996537 190.9419660021963 19.392664155045246
9371.627361811883 178.94015631664067 15.96602640774979
9375.376467393246 204.08876683545526 16.48270226450568
9379.125656483533 170.53186922342442 16.611904312473282
9382.875256780913 166.83038545172545 16.545108519280678
9386.625104917166 193.71964280304027 17.245689527457284
9390.37516103193 193.4858940949068 17.470622198187947
9394.125310397358 155.89355852203454 18.12343174538439
9397.875888135346 151.72034809525124 19.301417373906474
9401.626724044323 194.65170147639066 20.96877508885375
9405.377883305622 184.89510533641905 21.342226942250022
9409.129138334729 204.44432875733722 21.228985820664683
9412.880543824836 178.03977477550453 23.319575499235683
9416.632196448249 184.3671758830455 27.753743248526096
9420.384419583354 241.76339070348072 29.93056079706791
9424.136594725662 176.29154008722318 28.49308036540438
9427.889404548825 213.85203323093688 27.31806406580384
9431.640708153642 188.94015458795565 23.953920263004278
9435.395203929918 203.37938403868134 24.487976189286474
9439.148424506155 165.00995181119876 24.02469843428585
9442.902173296798 200.01751809184364 24.681547472516755
9446.656072793287 251.0374165779636 24.93008129154933
9450.410020914436 261.8800278191422 27.69501782999322
9454.164288900993 250.77217927138724 29.327385851772377
9457.919009430494 308.6108503576824 30.018037078296096
9461.673747258295 216.6436275919091 28.158528425101956
9465.428974968057 222.39888682213547 25.95996898807715
9469.18474202001 248.643994751748 21.508957256846568
9472.940139650658 201.91895329957183 19.962824847758128
9476.695821438681 180.36543794429838 21.75362255033542
9480.45195150578 157.78495894524016 21.804598130102093
9484.20824250448 141.52943921379745 21.69323480416507
9487.965109234352 245.39951586469587 23.856658761297073
9491.722080235597 243.96428008448908 23.987445112854235
9495.478971321352 179.17766995707768 22.873501455159683
9499.236521902205 171.17928797657564 22.428711022626796
9502.994201527403 163.14328040161053 22.250454716156074
9506.752396633183 184.30571733855322 21.69508113584405
9510.510277663967 159.95675637772942 18.602683147485326
9514.269174607729 178.6910580960997 18.728547173610494
9518.027772092746 168.94778294858972 18.365167076272716
9521.786954211362 198.65625468005183 19.676486203130473
9525.546200392784 201.6011246710478 21.084333220112082
9529.305756626862 221.03384001813413 21.735588797521128
9533.063933831809 160.10732332648584 20.592789929794225
9536.825425545785 185.6928726138847 22.077090009585934
9540.585854050494 195.31403999672332 24.062937034531622
9544.3463350005 141.2677666964439 23.018697706516086
9548.107359980093 161.34998604684833 23.050901277771537
9551.868454664707 137.07912307580247 21.77624172453215
9555.630258509673 191.40382679768345 21.1643641081678
9559.392169054465 208.951372606072 19.059625053317443
9563.154299374542 244.20953479818593 19.395492317596904
9566.91642191721 183.43576467557853 18.103282962094227
9570.675976847784 185.6177634275188 18.138934533698436
9574.441681928709 154.6409677183507 17.685660547022906
9578.204389929553 184.7827852875109 18.4620478823535
9581.96789451875 153.57747126222498 19.40526466059309
9585.731346761682 161.5693690490513 19.374678716770905
9589.492791422046 247.81454812044007 21.424097057989588
9593.259722612896 217.3557604420119 21.245240328798392
9597.02423851714 183.7771378644641 20.364782877123
9600.787255357636 80.65795684731003 18.266285006945502
9604.552741153271 148.32966320304004 19.214804871316638
9608.319466288298 187.9883396188186 19.31534028988079
9612.08491783107 142.92861458628462 17.418899971822484
9615.849465609599 169.6333574374788 18.35804827193354
9619.617052446223 190.73761666066596 18.985175500872796
9623.384047452757 141.14444154294037 17.616062793664675
9627.150134307089 163.85437304364942 18.66906473976248
9630.917143472767 201.4923051032169 19.640194302896287
9634.68460143505 228.55770880677198 20.169230550827344
9638.451956804276 176.77992888464314 20.466361156747148
9642.219815574423 206.18310191940708 21.18944376702937
9645.985738564723 219.37783716239548 22.828855021472677
