# SIMPLE = True
# BITPIX = 8
# NAXIS = 0
# EXTEND = True
# VERSPYT = 3.8.6
# VERSNPY = 1.19.4
# VERSSCI = 1.5.3
# VERSAST = 4.1
# VERSSKL = 0.23.2
# VERSPYP = 1.2.0
# DATE = 2020-12-18
# RA = 335.572596179636
# DEC = -7.26700375044262
# TARGET = AT2020zso
# DISPNAME = Grism_4
# DECKER = Slit_1.0
# BINNING = 1,1
# MJD = 59200.81422077546
# AIRMASS = 1.36305613110135
# EXPTIME = 900.0
# FILENAME = ALDl170107.fits
# INSTRUME = ALFOSC_FASU
# PYPELINE = MultiSlit
# PYP_SPEC = not_alfosc
# TELESCOP = NOT
# LON-OBS = 17.88432979
# LAT-OBS = 28.7543303
# ALT-OBS = 2465.5
# DMODCLS = SpecObjs
# DMODVER = 1.0.0
# EXT0000 = SPAT0248-SLIT0250-DET01
# NSPEC = 1
4002.010665344729 4883.141047718395 316.3515699452918
4005.071006986174 4526.63157286236 301.90331957824964
4008.134193131011 4957.807944265248 306.57020484219345
4011.19790216636 5083.091557647595 301.8427604352806
4014.262891549914 5743.742780490999 311.14173357138236
4017.32913566528 5061.056292241625 299.03213784595005
4020.396701587546 4537.149421706907 288.88729707968554
4023.46549788805 5186.576190250086 298.5746595308042
4026.535601257384 5244.844197613689 295.1154993293732
4029.606980892303 5058.903570724141 291.089993555715
4032.679598420659 4487.979736300663 282.3449282614098
4035.7535383023023 4826.70573049831 286.67814789631706
4038.8287436578867 5182.763706950935 290.4509597467067
4041.9052109172867 5052.9251634244965 285.762362211181
4044.982883116273 4263.090877918277 274.544112967843
4048.061919356833 5092.437136616136 286.6115818964278
4051.1421282668352 4326.224600679177 276.0806340034547
4054.223528917552 4742.340207197875 278.3865278046855
4057.3064235964202 4442.883943498862 268.16935459421455
4060.390474865318 4928.904670439878 273.52355049653426
4063.4757495527656 4775.05485739876 268.69899896930815
4066.56228519676 5008.1177259967235 272.5854180048199
4069.650066275247 4780.644578564332 266.14399072812415
4072.739100735624 4818.406779342926 259.91452381148133
4075.8293649430825 4324.696953730831 250.2007056506635
4078.920908384673 5010.089915218426 259.14507104068394
4082.013690896321 4941.708625687759 254.08968642931416
4085.1076664918405 4499.054264105217 245.68042397255323
4088.202969613827 5207.931251266047 251.9088457531401
4091.2994176947336 4430.881892454798 236.59786984456142
4094.3971349100316 4126.990762959977 231.75607185197345
4097.496096311907 4382.813751724978 231.55315529623996
4100.596281424104 4216.575701205344 228.47413969462858
4103.697697563913 4307.9238848285195 228.5420085788494
4106.8003581297835 4264.288355561908 227.79672883848636
4109.904199667953 4101.283139277073 225.82248424526594
4113.009316255053 4044.3625442427524 225.16425864779288
4116.115666612019 4732.321349314131 232.7492303613619
4119.223194480923 4718.727295491654 236.2447370255125
4122.332116085055 4579.907581308578 230.9436987763007
4125.441940103213 4706.2538721647825 233.86768773858657
4128.553109207772 4377.613191271324 226.10561575837502
4131.665525474063 4286.104308542347 224.96552031830785
4134.779116615621 4344.832110967993 228.32965362195515
4137.893966712284 4440.633468645822 226.95891293202902
4141.009978795833 4276.023449905173 223.11955450368518
4144.127236757419 4575.09354845648 229.02983482311598
4147.245671128855 4076.6465397470765 214.58827748196063
4150.365524675816 4281.065135267679 216.49995317710864
4153.48613387678 3767.3462070101305 207.9151691470673
4156.608211384853 4171.885055312383 213.07802930487156
4159.731408597313 3632.599451884214 203.8077837405722
4162.855867938346 4140.640033245467 210.62007671533271
4165.981483786972 4087.482159370872 208.51297101402514
4169.1083755464315 4268.858218520986 210.36023698868468
4172.2363328782485 3936.48993559199 203.44117585043202
4175.365552313059 4332.819599295439 207.34027325664096
4178.495941308336 4559.861151164669 212.21332212756852
4181.6275046462115 4480.056121399199 208.53633417800302
4184.760240237074 4495.487576826011 211.16751633575265
4187.894194569004 4004.416612859388 202.41904708445054
4191.029264359085 4167.340971263543 203.99075734397562
4194.165527693981 3815.2799151673976 199.57881347315248
4197.303005698785 4173.227091753631 205.2788566089234
4200.441625201734 4267.561264750682 207.11569719523118
4203.581417637325 3717.4979815336237 195.1149486598346
4206.7224077981155 4438.398973935019 207.5588962933992
4209.864550589108 4501.761153696203 209.0847603969406
4213.007829630844 4437.006083445261 206.95832177236144
4216.152282357343 4116.896910944023 200.59819370831565
4219.297907077041 4256.038206539647 200.41777715787092
4222.444694062317 3848.231002384452 190.94242750903004
4225.592623155435 3627.095023726853 185.21433533288732
4228.741876191779 4106.285487632342 190.22829503250065
4231.892013379562 4206.5135782425605 190.7904666315088
4235.043409124961 4194.021348595447 188.76877227210522
4238.195955724094 3959.2329589278133 185.16454065534109
4241.34966061032 4005.628717411767 187.3587526947599
4244.504507534768 3768.177802737111 180.42247863611132
4247.660516413358 3915.046686975996 183.43518043074798
4250.817679044419 4473.582493424565 190.80407482234804
4253.975969032638 4473.612459511404 191.23163366601216
4257.135363854961 4227.13665786349 189.00520350299666
4260.295943010455 4230.813104061182 190.21445906942287
4263.457526684803 4200.244105789147 188.37355529871533
4266.620551887592 4636.681661566209 197.36883403232926
4269.784595043483 4639.008870290894 196.86833324730898
4272.949532653015 4389.426422651979 197.35582700015084
4276.115766289624 4598.816203010899 200.33055236270013
4279.283122871566 4769.935012729623 205.64797463319567
4282.451637436548 5196.9300663879885 210.31190137094956
4285.621204840242 4922.9178670715155 208.23540867632377
4288.791948638889 4953.041063711307 207.0460511397525
4291.963600124341 4723.988599742667 200.49668349924605
4295.136738255457 4763.583404270348 201.85002239863977
4298.310824614539 4603.151115333264 199.06540285049053
4301.486037390426 4534.491552953111 194.93092897024232
4304.66238138334 4883.72636718494 194.74934281991312
4307.839779056624 4823.036546875804 191.03000080268282
4311.018463548362 4438.439087527302 185.7433430427731
4314.197836707396 4083.597936388328 181.05278176949315
4317.378681690427 4363.857548450603 182.32573030578203
4320.56050122979 4147.596834237443 178.0475749550202
4323.743467920071 4441.468027922676 179.7644984932131
4326.9275221967555 4427.215066620586 178.72112635406063
4330.112665746696 4010.3662123223694 169.82494077896945
4333.298880583601 3645.4690201100866 163.17987615488633
4336.486248537629 3965.0989058860077 167.36045339519023
4339.674697755864 3848.6295322617566 161.31266062009018
4342.864244947055 4058.731659666984 162.23964480553943
4346.05484305003 3662.8800188621594 156.0579830415761
4349.2465532199085 3926.578395922632 159.20992256204244
4352.439348471592 3992.0275209495117 160.50353527857496
4355.633217879171 3841.151543300242 157.67579290771343
4358.828424450819 3669.1581423119183 153.50457322685114
4362.024221198976 3760.5254372185614 154.77479467101764
4365.221347671064 3765.162962925351 155.4241650744875
4368.419390920933 3957.675456253695 155.23822778564414
4371.618419954314 3895.125043638693 154.46587941422243
4374.819188259165 3595.2791909542343 150.09943771978206
4378.020631935698 3870.2560115509377 153.07384441186827
4381.223128905512 3636.7125593407386 149.78470715997545
4384.42668429855 3517.112936668443 147.73268308392835
4387.6313263158 3479.479738992 146.44093940471313
4390.837031741613 3655.6209832058807 148.81865755745469
4394.043782835513 3464.073825270461 147.0713980822732
4397.251602287471 3405.7229785923546 146.1543626935051
4400.460487430939 3392.748954993813 146.40183930001106
4403.670458572501 3763.506469711152 149.5992685928667
4406.881453500149 3622.6827597027213 148.32109295152114
4410.093503138394 3439.8498146453367 144.41587516933643
4413.3066273816885 3525.20637692323 145.0098322865362
4416.520801146417 3666.833764237089 146.68140109532794
4419.7360224414815 3556.3909095317313 144.34439892871367
4422.952238245504 3160.2951996148786 138.53563117159408
4426.1697755775385 3313.315743411712 139.01316820628628
4429.38792211261 3303.309444456355 138.99731595226154
4432.607352559846 3486.3541893730007 140.38439016095234
4435.82776388936 3034.183825359107 132.79019167807743
4439.049269724629 3263.34030272596 134.42802317389055
4442.271795388422 3163.53730368994 132.01628645751182
4445.495345862358 3226.7462401383236 133.38102368044045
4448.719925183653 2850.8271713659187 127.65245900958199
4451.945562862233 3054.066895165148 128.533923829189
4455.172246041356 3293.472180910653 131.19326686481335
4458.399925248756 3001.409892472041 126.64883493636032
4461.628623621925 3086.5447801700993 128.57584267845428
4464.8583975136735 3122.383856965231 126.80383719617862
4468.089137186161 2816.571540694626 123.38074996645304
4471.320953519281 3109.7863118174114 127.22366914697977
4474.553732525389 2791.64532992494 123.28989210571523
4477.787602298853 3193.871136728707 127.34785265951949
4481.022435065587 2957.877380004842 124.8968813026279
4484.2583304927275 3143.9417759312196 125.47996407166364
4487.49520272037 2923.213916932641 122.24827509031516
4490.733103823276 3160.209945450018 125.0996241992426
4493.972019330301 3102.8339949475308 123.92874980521596
4497.211870552995 2473.975966753539 115.68222186620257
4500.452842980292 2870.1031900749495 120.0051351520279
4503.694786907265 3003.495742207705 121.12467059706066
4506.937724772985 2823.8571594849464 117.74050141988671
4510.181636460236 2727.252571763353 117.0175554630313
4513.426616317115 3007.912824602304 119.8649202088015
4516.672539050916 2846.486406875999 115.85227136962186
4519.91949946087 2845.6875680017056 116.16432523848789
4523.167424751053 2689.337712160724 113.44821229239476
4526.41636274031 2721.982334888939 113.83825427809279
4529.666304762105 2766.4271876873645 112.89177276278379
4532.917230250067 2779.3418575884302 112.07268308808793
4536.169124598325 2638.501845436558 110.00023036016472
4539.422039014188 2740.2820299519 111.13483401133173
4542.67582510003 2584.826847319218 109.36639167443356
4545.930770359925 2652.4320762311086 109.70832763485234
4549.186633649964 2600.5447066957818 108.40398073625929
4552.443520207971 2635.328073568452 107.64534978533176
4555.701256697057 2454.4794068960855 106.35674590054329
4558.960077429213 2639.1546021303516 108.04895336443211
4562.219993158489 2789.3796455165 109.31435186485812
4565.4806172967965 2762.428339979222 108.42863036107028
4568.742277277964 2371.366421984119 103.9508954267044
4572.00500582341 2524.4345740073973 104.66372215988116
4575.268670664964 2663.4711772223936 106.12895981053182
4578.53334536704 2963.7980387182633 108.87890628141305
4581.798923439223 2801.3964804139246 106.74120656645607
4585.06546139793 2576.3729740654576 104.12183758588588
4588.332976958067 2578.705351204968 104.15727572717144
4591.601475014663 2438.742590372811 101.21001590531723
4594.87091560206 2424.76202538353 99.92052920556492
4598.141356472587 2619.31036077047 102.40425443644142
4601.412699362746 2477.5661191610184 99.68774815199811
4604.685026809012 2542.109116037643 101.00985225385737
4607.958237667577 2464.457514345022 99.69049890096606
4611.232530670183 2606.0690472963356 101.32636196415706
4614.508670445426 2532.5830443278246 98.64247219340437
4617.783834370586 2585.7566224374095 99.75783041461368
4621.06090842935 2546.7125017114986 99.06024459168216
4624.3389179801325 2439.8565409569715 97.31246459654682
4627.6178675443325 2351.8848358912264 95.92927268870599
4630.897743936373 2699.0429727809355 99.35424883304535
4634.17868006919 2817.1356372323435 100.248524754473
4637.460425599405 2479.2673234984213 96.75579114240018
4640.743166551321 2496.3497749659837 96.05366556400475
4644.026807816628 2310.2389913620327 93.13346079707615
4647.311611525779 2538.1950032974105 94.67934648324092
4650.596956995657 2472.316049276843 94.38633157409818
4653.883408979167 2367.381586322898 92.77249596494693
4657.170804624187 2441.677973174729 93.21530699808216
4660.459105713974 2339.6026508225023 91.97534976984497
4663.748369629176 2487.5778867423874 93.48194499457183
4667.038545406635 2453.273081505701 92.093976913262
4670.3296454006195 2544.6854231189614 92.81649757278235
4673.6216792618825 2560.883861294156 92.6259750643994
4676.91460705252 2559.1889963626186 92.48708188841186
4680.208459458559 2533.2589704892634 91.76467740427776
4683.503223283245 2472.315801610971 91.01919667810046
4686.798920825412 2535.3685496119797 91.81677848518241
4690.095503907319 2381.8682750934217 89.62088451132111
4693.393052562225 2615.4975817643594 92.02126529026344
4696.69147603295 2548.382669056671 90.37906926839374
4699.990805099672 2477.975073263758 89.50903307722838
4703.291059901655 2558.578115356235 90.2092297939334
4706.591481233233 2646.3238506573666 91.20165273151062
4709.894257877657 2537.0493901538393 89.65791218869127
4713.197210318591 2526.5995997645405 89.15942711442266
4716.501059405409 2483.4757764928427 89.07511240631335
4719.805799786327 2425.148692100556 88.77216203100654
4723.111477685121 2553.9833470948565 89.9190175245174
4726.418024489181 2651.5585096980512 90.1251595931164
4729.725488396714 2698.250893601798 91.44034798621485
4733.033840739052 2700.794497740005 91.0332097888396
4736.343011035951 2631.4732824498665 89.14450723681738
4739.653213022784 2525.7203507778895 88.09341846790169
4742.964207505891 2752.5859035444296 91.05094318254291
4746.276092510767 2546.4664239265303 88.83136054531494
4749.588881816866 2599.842517985023 88.93314333441074
4752.9025588515715 2603.3775506534953 88.99795061627684
4756.217090178973 2460.5735423617157 87.10206251069894
4759.532550429672 2587.054790933057 87.81047241873912
4762.848864744415 2582.0220834445363 87.32131977661227
4766.166046490139 2535.4918944631245 86.79807579780247
4769.4841206269575 2542.129928569805 86.30695491081336
4772.803062472878 2552.269102765466 86.56863865393416
4776.122882150593 2593.114519790911 86.24127125153132
4779.443571803062 2510.1052054253087 84.59613620722521
4782.765081885933 2438.3659030750546 83.5818181279622
4786.087542463803 2348.7899861879228 82.27782673187781
4789.4108161512095 2181.5288906347296 79.87734438940926
4792.735019818688 2475.0647109455517 82.94509858365912
4796.060047817827 2541.68393553049 83.3557870864047
4799.385921206813 2378.699731196795 81.51736026250009
4802.712682479835 2386.640181724636 80.96408662728129
4806.040336754344 2206.337958621764 78.46384277023567
4809.368745129395 2320.160003923638 79.91736721788963
4812.698103036286 2471.579250780003 81.21585912729448
4816.028242365223 2292.829212362167 79.26781006456584
4819.359290790182 2441.884509504656 81.1370044250619
4822.691194470056 2378.8877453823898 79.71500740656177
4826.023918149128 2359.3725910742073 79.22294985499401
4829.357503845574 2352.4544713585615 78.76580220864696
4832.691920802721 2310.039842423653 78.56366694815299
4836.027215083804 2294.4136733500322 77.73786742030913
4839.363335716796 2319.919399843885 77.84222783717249
4842.7003134035685 2415.374128637424 79.00398534118696
4846.038114718651 2223.913582204763 76.1387647825165
4849.376755188266 2270.524250892122 76.57687856908099
4852.716256047429 2276.322410309868 76.27233513106273
4856.0565756193155 2281.3396952051585 75.81787542674402
4859.39777139113 2259.6284657952656 75.25092897005001
4862.739733343618 2186.888265223499 73.86774513720104
4866.0825731327095 2376.075643695541 76.16304895563877
4869.42622629628 2275.691992861718 75.29755102487636
4872.77072028143 2339.813907724555 75.93226596608649
4876.116027302071 2221.970312345456 74.52002552269686
4879.462234020028 2402.545017481428 76.21954225990314
4882.809145031579 2377.142295194417 76.50863655804739
4886.156927037289 2282.0228472016115 75.70935063649347
4889.505572829585 2433.3589384238257 76.75029519238608
4892.85497158908 2319.801157160825 75.85276679762212
4896.2052435940495 2428.889282593894 77.23779098526401
4899.55630906431 2405.143733866595 76.93474313042714
4902.908211385816 2531.883586811 78.55804864437296
4906.2608969966595 2466.133292743106 77.39583799064881
4909.614392286077 2297.462203667727 75.9369509802983
4912.96875375529 2474.343019233361 77.22543229658868
4916.323851682525 2351.9363582598503 76.07628749638685
4919.679844746477 2480.78944443463 76.93259849176918
4923.036590182216 2294.5701477670227 74.32669594550806
4926.394126565424 2325.9384141907926 74.78876494426763
4929.7525007431805 2295.121953433931 74.24946201687067
4933.111664657022 2239.8415689875446 73.07609977867472
4936.471630302635 2189.3841536520636 72.66227601880455
4939.832383520526 2161.7019043555742 71.70717539430382
4943.194006922123 2407.116565961993 73.80568885891657
4946.556351496819 2255.8553848619767 72.11596215731181
4949.919482409089 2151.4744745095663 71.37731037709558
4953.283447491673 2196.387147724817 71.32405324190344
4956.648220791751 2322.0106878490296 72.66744729182408
4960.013743638025 2257.4342053648224 72.07118813565761
4963.380092071238 2284.7187602392573 72.04467893084336
4966.7471703337305 2039.3676539598255 69.25971810509934
4970.115096631339 2246.7875071473904 71.63236591114772
4973.483793446511 2216.12839142171 71.14594977520889
4976.853247715956 2102.1123328171902 69.8486307961111
4980.223513300174 2124.1949518006777 70.35270832180628
4983.5945379113855 2176.4611872030255 70.19937388978786
4986.966388622634 2182.1398757348065 70.58919062680148
4990.339008571524 2176.9353001446534 70.31408778841151
4993.712366087342 2215.6383086996348 70.5927389823309
4997.086516393524 2233.292009416157 71.01571858742676
5000.461361428774 2261.4352936597356 70.64035631898767
5003.837124985313 2037.955101847449 68.14719340209213
5007.213594157825 2094.5612500607945 68.71436303961411
5010.590867660123 2195.8624759089644 69.42072144772659
5013.9688503326715 2018.7877771130309 67.29046023242036
5017.347657961013 2301.079148643044 70.32923423400551
5020.727202883406 2154.6172960176036 68.07651599167637
5024.106817116709 2099.939816826681 67.2225071850632
5027.488295515668 2005.5198491412878 65.84359066231147
5030.870355894527 1929.550449728958 65.03569949405183
5034.252987011791 2076.6711340877214 66.60449016820972
5037.6363170509785 2004.3274599396937 65.11283826469773
5041.020438257064 2014.0417084596227 65.0889959879505
5044.40537373731 2124.630579564711 65.46900175850823
5047.790916162461 2008.5658355405108 64.64482231112322
5051.177110164115 1972.8975660255053 63.90935016818187
5054.564397644081 1954.0246590385095 63.56482854325187
5057.952251639872 1979.014984691918 63.57958917199695
5061.34095800072 2070.8443581036777 64.73367154139571
5064.7302090639805 1888.7596341350995 62.752899412573235
5068.1203915412625 2125.6188089119546 65.11179293857214
5071.511216197931 1979.3706436507725 63.23414615858575
5074.902810206588 1902.51764563228 62.28541337033681
5078.295156977984 1827.1807488855925 60.8685202046453
5081.68828226934 2081.8629087239424 63.51899491737431
5085.082116390648 2090.916516288077 63.31820639892214
5088.4766430534955 1972.6026730108795 62.17400979186729
5091.8719471711875 1979.9567574376533 62.25105747826354
5095.26800926823 1976.4651694310642 61.81259434884668
5098.664639158815 1869.6056015646911 60.51462097994118
5102.0633761045665 1924.1035650103581 60.94423981244505
5105.460483904544 1984.0570076232968 61.41675931503244
5108.85941794159 1993.4089615516355 61.70387978517029
5112.259119926667 1974.9327517111965 61.28506304367337
5115.659518382617 1871.701879227863 59.63790250540428
5119.060654891926 1977.1344246445756 61.09759440749309
5122.462555067811 2059.3359845951923 61.45409024477042
5125.865093312936 1900.2512574791056 59.838097810791446
5129.268404526896 1850.0674578736994 59.20340941234337
5132.672449096474 1926.933108105848 59.72397743045683
5136.077203117473 2003.4459426254355 60.63454478129583
5139.4826301154935 1844.483028424396 59.00158735795549
5142.888837101747 1917.2913174614582 59.72087073296535
5146.295654998438 1762.958570168466 58.3140120126037
5149.703303424463 1877.5006574571703 59.890445534511926
5153.111618921413 1934.8587643535689 60.76248747832466
5156.5209607279185 1875.3175429851985 59.928252436676885
5159.930371940371 1860.7733304244543 60.00093259076049
5163.340845616545 1960.2761867692195 61.00862729939178
5166.751982038217 1865.562021159009 59.91201471322213
5170.1638454398935 2000.784564199875 61.61411686717025
5173.576408076167 1941.4280713277126 60.98430864143986
5176.989667382591 1929.8453068537788 60.557488816599204
5180.403633584202 1888.0893474230318 59.947932598965224
5183.818227238808 1841.3951600860628 59.617700758649924
5187.233656103051 1924.246098297618 60.166702309119266
5190.6496652993765 1873.5150793353755 59.575051452480636
5194.066396636284 1865.531589280912 60.38319911502626
5197.483814799495 1801.8659522909666 59.35199359742835
5200.901970679905 1845.1007190662856 59.494492475703986
5204.320792916372 1798.3836940132935 58.10618261908246
5207.740330609481 1684.200282842835 55.82081954741623
5211.160529831196 1609.1663614017846 53.691924077077495
5214.58149014304 1781.1844076355937 55.15307614006575
5218.003052238112 1676.9158863730886 53.95644677090712
5221.425308786986 1668.8575567760604 53.688186487098484
5224.848327316745 1610.9082848694957 52.69697238617941
5228.271899169697 1710.097238992518 53.95477213552399
5231.696222800002 1696.467331077635 53.824111848222856
5235.121230303371 1787.5395477683348 54.73641998539476
5238.546998716668 1874.2443175010617 55.858260644258095
5241.973247390968 1831.2042209983147 55.60008536423014
5245.400257667707 1859.9274496214448 56.106621566870174
5248.827963350574 1731.5294356170773 54.71832376999628
5252.2563259048475 1669.4280061349273 54.058849120427766
5255.685377717429 1650.6179385240594 53.41386257883298
5259.115071791716 1649.3133897894716 53.65696967876916
5262.5454980335135 1662.985669354491 53.13594949388428
5265.976532799415 1575.6749476815226 51.81579284673793
5269.408269821374 1656.9431681492972 52.59981152697823
5272.840666565297 1642.4691289005923 52.083879642970565
5276.273707329574 1669.954554851564 52.56112055321651
5279.707388129577 1599.6830662216305 51.58787385056893
5283.141776599146 1706.91126805159 52.56464976133193
5286.576870472684 2017.9982731889197 55.84098063297074
5290.01259798922 2172.6101626883756 56.97877020953404
5293.448928138216 2061.0064128424096 55.77536576608624
5296.885900863878 1836.9908681188974 53.0217820500449
5300.32352107637 1521.0439764058751 49.06501338001303
5303.762108540386 1409.0477537574195 47.484909625869705
5307.200814160445 1529.9834364548842 48.804700474419775
5310.640399734573 1506.464990136818 48.86177339814553
5314.080694419316 1584.6580485353777 49.639810239628424
5317.5215833602415 1472.0156531038524 48.24977152368152
5320.9632696253875 1501.7696249845565 47.75236146764718
5324.405402185716 1593.5788967934136 49.09767669636727
5327.8482341903555 1481.1650828802765 47.885785067831485
5331.291746799159 1504.398214419447 47.823426841226926
5334.735892099024 1499.6862203942544 47.83683565872518
5338.180643535152 1508.8801777514611 48.13721864943779
5341.6260884194 1509.2711906186205 48.17377998881848
5345.07211117288 1424.7338494736418 47.09878545510585
5348.518814963919 1440.6293028149482 47.49586148207615
5351.966153298175 1502.6268649798108 48.13351102505446
5355.414126061609 1521.4043097847239 48.405774432547084
5358.862693612498 1393.479796714099 46.76901776079669
5362.31194121475 1404.6466241041373 46.749494973166435
5365.7618058057915 1363.2155027814963 45.48686269958282
5369.212336217747 1489.829150965864 46.98496779516812
5372.663460027434 1480.7582767259246 46.47672650720777
5376.11530999777 1374.4000696721619 45.40994033033986
5379.5675558119265 1355.6731612508263 45.059148856688246
5383.020560992934 1406.0492305888504 45.553273364403296
5386.474175491732 1353.785312151814 44.86266063531973
5389.928434228285 1355.070971783912 44.34851492740009
5393.383313842863 1354.7140354287844 44.267549953492235
5396.838789194491 1387.936739523858 44.37384124600601
5400.294918055179 1396.7863255229656 44.455983708443554
5403.75158886299 1212.9102717834742 42.33226649977067
5407.208968667797 1348.7489733479906 43.498608313387294
5410.66692169007 1375.9862688182632 43.90066191089582
5414.125492314877 1347.4489079970122 43.62871207123549
5417.584621722551 1220.1786146456702 41.996212404488254
5421.044444987683 1258.984403902007 42.12503339180159
5424.504798022052 1159.3944583520324 41.29030401795288
5427.965915345362 1314.0550623301428 42.7692965876587
5431.427478216211 1312.0182981715673 42.9735801786733
5434.889679770434 1269.6047788319602 42.59900952678832
5438.352557803001 1256.659131415368 42.04847732882494
5441.815933371021 1254.7202969716973 42.39410494843564
5445.280005379332 1358.3464274519865 43.46335420929
5448.744618643907 1344.8585262156796 43.55901170274705
5452.21144191864 1301.8944229450822 43.65323582759255
5455.675673796327 1285.9728392482803 42.95280573812931
5459.142097857922 1236.3181954156573 42.564551834558735
5462.609080924901 1122.1482740419322 40.992558811854764
5466.076767383039 1274.1944590481116 42.580695747619295
5469.544985697602 1286.5448237161445 42.5404776885394
5473.013822035955 1266.4301182586064 42.056487577600585
5476.483187193759 1265.1605210133707 42.279842464913266
5479.9532210993775 1271.3100685643021 41.930474450419425
5483.4238571532005 1219.0601565719917 41.37514978383201
5486.894973682373 1293.3417163343988 42.10813279442959
5490.366693298695 1184.5010639458726 40.54154606765772
5493.8390536061415 1218.0127483984913 40.90292001554902
5497.311991025423 1303.1121060945966 41.65854998961429
5500.785509353227 1276.669382275193 41.519860287587726
5504.259571983198 1188.8515457984624 39.942696677695594
5507.734293545003 1269.1783906213057 40.5732413404356
5511.209501962881 1173.0264135355924 39.46040894831511
5514.685350251981 1178.6943093910347 39.26213673832419
5518.161736839666 1140.7939647380954 38.671030210591255
5521.63877055497 1174.6135301932354 38.86745317835239
5525.117447882656 1159.1742297845042 38.878190652150984
5528.594419043401 1089.9192879169943 37.85858498563944
5532.073127594273 1151.5994778012525 38.6245927369684
5535.552423757797 1107.06402336698 37.976841639055664
5539.032256044253 1136.6568793656063 38.2710334944897
5542.5127060139475 1113.393616124685 37.857254738794126
5545.993636496352 1107.9195219012627 37.9363077323452
5549.475259875961 1135.4027187636798 38.18711547402598
5552.957327874742 1116.0220174311387 37.78999071997954
5556.440036914612 1093.2441497145883 37.30728039520393
5559.924747409917 1022.5153064865293 37.62048191437646
5563.4071127591105 1164.1811584604523 38.29472811182942
5566.891384667366 1061.1674342424087 37.74645356282432
5570.376173723973 1218.2963312450372 45.72094413928745
5573.861535597622 1072.9587588298302 48.210097394757575
5577.347635120363 1170.5118523955707 49.017562993893456
5580.834194674671 1142.2333031189166 49.171071331092385
5584.321440730651 1189.3160182166907 47.93528510611591
5587.809070749064 1092.096108374222 39.1074866451314
5591.297709953272 1155.768404655912 38.24287049557384
5594.786483962138 1135.282012486046 38.20318593041324
5598.275902535742 1178.9009141356564 38.27003139419206
5601.765759864675 1088.3109161794976 37.51150246053548
5605.256228785982 1101.0072499183461 37.58389992478664
5608.7472323443435 1079.7275693973072 37.36757919036187
5612.2388317246905 1088.4993920677887 37.016494738065866
5615.730725747795 1053.5173897924976 36.67661037386212
5619.223608146138 1165.987202423996 37.64900942969619
5622.716734659827 997.0017963659135 35.719634735668976
5626.210494638449 1075.8760754987645 36.31172287380467
5629.704791275232 1073.6752958920927 36.214385166542066
5633.199729052198 1052.4903710080025 35.47793335927684
5636.694880600795 1008.2448385798278 34.99633751671782
5640.190842433288 1067.5317811546759 35.56055157393885
5643.68726421276 1075.0614490848068 35.856159136942054
5647.184217146531 1076.7458310735303 35.68436466860379
5650.681735863843 1085.5182002921467 35.69919130415005
5654.179270033541 1017.509012227293 34.841871196416825
5657.678218460399 1089.4197563339283 35.55055608273236
5661.177402192596 1067.0122897749757 35.35773507718155
5664.676993434096 1080.1706402547095 35.552664225894475
5668.1771547807975 1046.4956274151227 35.17516468699834
5671.677822956412 1057.8433367342473 35.64549707106161
5675.179016751757 1048.415381032211 35.458974512859605
5678.680759547057 1084.0173058645019 35.909017412872934
5682.182988661717 1074.9028257606396 35.968019465556445
5685.6857470290115 1074.1177298308526 36.03314799708628
5689.189069293172 1111.276695733033 36.3849107087032
5692.6929006780765 1131.2110551424726 36.38823655921502
5696.1972456151925 1051.1228123743902 35.268888162230965
5699.702053655261 1013.9871435367171 34.697921900431346
5703.20745382565 1064.0527091220874 35.07482734121081
5706.713288775005 974.8294139156617 33.937855946879495
5710.219750908911 1040.535053815083 34.402075724943366
5713.726605046593 997.7055436164903 34.06026964840901
5717.234034274686 997.0609562528512 34.2082549701516
5720.741910181866 1071.6648700099947 34.67720539461804
5724.250438919746 1014.6541529721796 34.13474648938692
5727.759402684747 1042.9006680006898 34.48917218456728
5731.268862719902 1028.9970718399463 34.34963271919834
5734.778664980968 1005.3198570147931 33.76221988396911
5738.289335529433 1005.3965541557039 33.61025155646997
5741.8002570998815 994.1629368433563 33.656094932306765
5745.31180103516 1013.4504952572554 33.65564911715115
5748.823865249228 1025.4314354735288 33.59615210506398
5752.336291966049 988.9187227199695 33.24504874156675
5755.849309466785 992.626283729693 33.12774382601689
5759.362765646268 970.0188632284642 32.97459168584667
5762.8767335061175 963.7478755298783 32.79076239970824
5766.391219339328 930.0187103091364 32.4269860197364
5769.906183773703 864.5031713481397 31.539566372087883
5773.4217457345685 961.2884261243782 32.386492182373225
5776.9376884214535 940.0316711245451 32.1401091661069
5780.454174080538 929.0259208852802 31.874405573945793
5783.971024037417 915.8507437656128 31.657999461739156
5787.488589323328 894.0582124069856 31.311607298831664
5791.006509722612 879.8914841409459 31.141030192861894
5794.524996920762 990.3729720963712 32.22680133306851
5798.043893439429 917.9524801961979 31.304643873149157
5801.563260129151 899.3363915760965 31.084455474410706
5805.082909334104 895.1337584849268 30.83915779912179
5808.603604224565 956.1288517573432 31.531681467759228
5812.124417570496 858.518013782206 30.385653453217767
5815.645763091254 867.6309083933048 30.451640066109423
5819.167537854048 892.9684878303906 30.56073124931909
5822.689920032823 878.285894006788 30.37029577111394
5826.212745761427 920.1550382421008 30.781541411703195
5829.735959209939 869.5925444509269 30.506240699417464
5833.259739980659 883.2199577621166 30.405593713299783
5836.783961732648 894.5804474735061 30.442933568712903
5840.308678922832 888.3825773505314 30.394902983173633
5843.833857233257 909.2434380383494 30.660132093871184
5847.359500760476 886.6095859165578 30.34939384478501
5850.885591853127 880.5637514529102 30.387700087888813
5854.412249070903 959.844762871341 31.344789597709095
5857.939273511958 924.2156650327682 31.209326321229895
5861.466794237887 900.307244776408 31.22607090487005
5864.994753915933 875.9107350791211 31.027613944077373
5868.5233122246855 1001.2612284339962 32.3893394492861
5872.0521984674415 940.8876107459192 31.932055865580914
5875.581634434282 968.0242825222011 32.00257276382408
5879.111497867278 921.3753145145064 31.598839371921724
5882.641534542664 893.7130798281775 33.5093027853283
5886.172339325758 873.16639701865 36.01910293443784
5889.703544853296 843.9986066921499 37.620761327853366
5893.235206647098 768.9095164397693 37.67729219615856
5896.767469104361 912.8444605435227 38.31001151038617
5900.300164270059 898.308681943405 35.44048455914732
5903.833333937244 874.5657536902094 33.24495654658322
5907.36699890105 896.3495264965967 31.084419954585066
5910.9010063129645 886.5855462932888 30.686442378266086
5914.435453148873 860.651583295605 30.365940368247443
5917.97039824323 877.2815961877202 30.35315117874587
5921.505730395778 866.7650552239987 30.35415621552872
5925.041552413123 850.0149322288144 29.729848861325344
5928.576932545643 914.4432254634348 30.734891706766813
5932.11452725065 865.7076537105766 30.069653618323212
5935.651308831163 892.5542003701446 30.022795964423594
5939.189326581065 846.5710903289125 29.449941236828227
5942.72737458573 833.2907632231181 29.190283894847042
5946.265865345436 910.9346444285311 29.844875627008204
5949.805946199123 891.7464261597579 30.533722280496864
5953.344208424909 796.208414057074 28.66880459781961
5956.884040845315 832.2177354982083 28.900890622798173
5960.424359858592 830.9208305864208 28.76548152690209
5963.965049538951 838.5458619859777 28.928681789150286
5967.5062202543495 834.1867444363085 28.870486842801423
5971.047494875255 804.1984621691611 28.361051792446318
5974.589851583939 868.2154563978196 29.416226733348456
5978.132280456572 815.7257135219194 29.025064596864986
5981.675231840792 846.7849077172241 29.14658817699383
5985.218570433979 838.4695616516525 28.931445361103744
5988.762348138965 820.1579056357626 28.75521540786771
5992.306538286792 850.8143097603783 29.241565190521516
5995.852255251806 806.5924058882135 28.796934043554042
5999.396237975938 813.753793053283 28.603792735663244
6002.94288774202 914.5155471490305 29.717632607993927
6006.487692917711 861.0156851517527 29.074247727295198
6010.034071939854 817.6424846839705 28.662949278104932
6013.580301964069 795.6773994965206 27.835296307396437
6017.128107584084 864.5425723800779 28.83308270379109
6020.675715153007 830.5187607889585 28.188310310326298
6024.223765429048 785.0615224568869 27.807175462944098
6027.7722384491035 787.7261964718274 27.758622825644625
6031.321187622556 818.5684176808159 27.9312779485737
6034.870476792208 786.7440025658174 27.558605213176044
6038.42024749673 792.7380573389876 27.64629861590685
6041.970407352967 841.1050946628278 28.166749047657227
6045.521050282277 860.6228777010009 28.360494281410507
6049.07201822041 824.5174493027178 27.837101610188846
6052.623476247567 818.2787406090114 27.583639425957315
6056.175281382881 804.6471073113697 27.367522974118405
6059.727596309167 840.0259633163364 27.67657384379828
6063.279933886017 753.8264863083697 26.56892210253121
6066.832029665586 810.7245979275021 27.60531962947225
6070.385391803744 771.0507129514699 26.762203520263217
6073.940718603347 825.2125234062162 27.385138412538574
6077.495041436106 834.3377033853062 27.360927215135096
6081.049785708234 847.786249407337 27.62115875807565
6084.604868240214 740.5479614483423 26.32770572842323
6088.160430201982 809.5305099703693 27.02841266540981
6091.7164000511 824.6398772465136 27.12490022550779
6095.272727563781 786.508688349425 26.732696998475838
6098.829488651556 796.3741950048359 26.79307206146591
6102.386672807956 816.0865275866079 27.072459879767344
6105.944284964754 842.8001716501079 27.050712669373176
6109.502203163803 792.6066347055826 26.527992060903888
6113.060562191491 797.3017712895319 26.79143509231271
6116.6196044694225 815.5146789145668 26.68353297792055
6120.178446492738 751.2064237789828 26.135080180001324
6123.738073441452 780.071616561632 26.578926923035638
6127.29791109694 760.1046460111546 26.28032815798173
6130.858414015282 800.6206932777354 26.828813948912693
6134.419225727506 856.0977360541908 27.314296985722432
6137.98032840866 812.5986421543079 27.025004838784003
6141.541958685882 827.7022976842276 27.243201584700444
6145.103852643276 848.0340606476589 27.4423169113129
6148.666192486998 873.4233801661916 27.914680352493527
6152.2289468531135 866.9763555629535 27.64122695068519
6155.792062015824 831.3027643764727 27.17615714485272
6159.355538284841 793.9598121101799 26.49098681673154
6162.9206322917325 799.0459020126865 26.666501718585856
6166.483723297976 826.3220640421702 26.86480962518411
6170.048360544886 803.6074138051454 26.65920637218257
6173.613427706139 803.4006573474766 26.723273412148963
6177.178943757904 838.8052117102984 26.873580926652263
6180.744677376273 793.1746602904765 26.03155945680765
6184.310963172918 752.461790621584 25.47888932723764
6187.877683861316 810.7797167119865 26.090004063088156
6191.444463803989 736.4952151121184 25.393151908306404
6195.01181746866 758.1845961404733 25.600579343539966
6198.579580384767 770.0454458452092 25.781986103196886
6202.14768479377 763.9194000755741 25.79430117055618
6205.716174552783 778.6637418796333 25.97687648890491
6209.285057797036 787.595229593088 26.124656972288683
6212.854314134529 818.3765448976123 26.436949109652804
6216.423322646169 754.2831736225108 25.615857629275105
6219.993892554812 728.5125980438013 25.49273757027719
6223.564274590444 682.0596841226986 24.81173939972603
6227.1347648448145 694.3903705959256 24.970856271849627
6230.706108596163 738.906314590616 26.075003234588404
6234.277576635855 711.9955710305318 25.690771137873437
6237.849458249151 752.5146380905078 26.200870770768084
6241.421679892875 769.6889127817306 26.613812808837597
6244.994331527092 778.2591038697507 26.182278120725957
6248.567274234564 739.3111283434645 25.58839835381401
6252.140611103526 711.7873790538238 25.45668524995321
6255.714291587795 807.283946890196 26.80204800252418
6259.288186135853 761.2412463573359 25.988796845739383
6262.862737707115 714.9182091346805 25.649928501701744
6266.437647872492 779.7267718061271 26.257761159660568
6270.012757387198 751.6536558986664 25.73475887856075
6273.588532886054 827.4027160028159 26.30419293866743
6277.164189005765 798.7429264697215 26.027335836478954
6280.740425164703 723.2112819070451 25.196734445061026
6284.316965063641 693.5576218466497 25.13323753570132
6287.894011271769 695.6378690639964 24.912530473335217
6291.471075822598 744.8915286130086 27.8704119714422
6295.048612921079 813.7897881972226 35.93970408276784
6298.626532263406 666.2001473490244 36.39456754113692
6302.204987753169 833.6315243638172 37.44392371452619
6305.784225529768 728.0858281650808 36.85771522898512
6309.362951972109 752.9167092476658 32.71384204079788
6312.943115273734 745.7287065356334 25.96943621164721
6316.522551203436 794.0567704429645 26.01942905340852
6320.102662101944 742.7007232439232 25.369073949338386
6323.683147187325 718.4376696234816 25.211596412817578
6327.264016659669 745.9652872283111 25.544295271276763
6330.845204514742 712.1098652151006 25.084838759564317
6334.426772548227 692.7657396859669 24.793855627074677
6338.0087151769085 745.3707359298993 25.084985988571198
6341.590971286396 688.0747314544005 24.23264211560942
6345.173567399394 682.7528192414122 24.0777671961989
6348.756478437386 689.5293260850277 24.29768471564699
6352.3400054042895 675.4485034798669 23.96749329486325
6355.923251821432 680.9635330982243 25.637843422459444
6359.507089403571 657.8788862776476 27.63830277879086
6363.091437760324 720.5618376542342 28.483274944539726
6366.676083141067 697.5610906513176 28.024776479802913
6370.261087083818 721.3354573516727 28.308815728106786
6373.8466239669215 744.8885489109317 25.91525921478065
6377.432355675821 713.8440189659265 24.022709385650916
6381.018364553725 698.5673426864912 23.994823596568207
6384.60469334845 735.2898478438416 24.455283838286377
6388.191436320256 714.3764744145785 24.17163694018878
6391.778431109572 715.9635811166327 24.171919399436568
6395.365800247849 722.0804379291388 24.12860158625606
6398.95336558054 724.9628450374427 23.8513294537389
6402.541548757372 727.6477655151956 24.194976903639798
6406.129901175733 698.5520839706938 23.639359658450953
6409.7185836082535 771.3439169862153 24.70255472111596
6413.307573254016 736.1288228243392 24.043002578193974
6416.896947981105 701.859153531811 23.923477769794687
6420.486627719095 708.2851680507782 23.95259406985105
6424.0766341995395 690.2156114802365 23.70079668150846
6427.666984871125 718.4317562681431 23.93675224872531
6431.257645374314 680.8002332702335 23.384256637021092
6434.848469951268 641.7041180598748 22.723109158595324
6438.439959637209 693.6950860291284 23.45499637625947
6442.031621790431 709.1554138275168 23.524136614524988
6445.623553186575 660.0370981901144 22.88650525241152
6449.215862178165 697.8450101181422 23.37505409431614
6452.80849924525 710.5836851185755 23.453026831319196
6456.401411776204 699.63744637448 23.321748469266115
6459.994613433059 639.1193477586643 22.852889915893755
6463.588252936233 724.1509051034348 23.76814535208129
6467.182107546946 679.0276780691609 23.482684957959506
6470.776308243409 685.0413537670422 23.517285016999605
6474.370883126248 698.7821425002913 23.65785232280545
6477.965698613664 642.8686353478229 22.757087414907232
6481.560870234592 688.9044708396809 22.94005901061861
6485.1573412140715 696.8710430993085 22.823327889334145
6488.752228325173 682.6762774863266 22.869469959416556
6492.348262108141 647.6543416904046 22.697645114501913
6495.944686026299 646.5337503548368 22.89390768632349
6499.5413900616795 607.5059341623161 22.503912245400777
6503.138500000801 710.7567800083605 23.681520001350925
6506.73582995215 608.2932503517932 22.30013799136489
6510.333538196018 629.423130267543 22.113025418678546
6513.931459733933 609.9220166232752 21.59674978345255
6517.529693550884 596.6682003291779 21.219465509803843
6521.1284934932855 622.7681204833974 21.3177823658639
6524.727183302373 579.2516177192254 20.947001694351897
6528.326559127947 603.6556550085533 21.444573297331083
6531.926051407884 564.1562406986216 20.879486061472832
6535.525647812608 548.7585893920818 20.3427693688073
6539.126010041691 580.2423144965271 21.013854813360833
6542.726537802504 608.453685127123 21.05195846002805
6546.327241083398 592.0610610679507 20.748818661663453
6549.928297109559 600.6143466202867 21.143776232951183
6553.5296397165275 623.4333256810504 21.041314193140845
6557.131210397672 627.5371883633438 21.51183528172909
6560.733196020925 578.6854714462771 21.07695992072251
6564.335509576281 597.6848488235498 21.007668540909236
6567.938047095914 596.7669986081743 20.961777674732826
6571.5403612841865 602.7768460167259 21.218786839535035
6575.144114778145 614.0727224037101 20.97365367930593
6578.747546858354 638.8974319874542 21.33940101929419
6582.351844682148 610.5859559353123 21.24493666380349
6585.9553465167255 639.7154407777389 21.393776359118583
6589.5596384617875 595.8391732333604 20.8095313177118
6593.164356719529 650.8294173376694 21.362386562937893
6596.7692639320085 651.0864766628391 21.62432454391311
6600.374452776581 610.9614652398561 21.30035386714764
6603.979977684284 636.1380865707808 21.65661676637677
6607.5857345657605 582.9902800795745 21.071989189664365
6611.191971110316 617.057689688182 21.332204217466504
6614.798041413364 643.0018485989698 21.681867372166703
6618.40380581214 663.4141157648701 21.991518719171435
6622.011942410167 656.8299073806281 21.846958507886896
6625.61916319213 666.8675976203219 22.137477766440664
6629.226728848373 663.5061291194289 22.079621184790604
6632.834522712568 644.7376216484848 21.721662327720775
6636.442694860365 674.1879653809065 22.125544849209927
6640.051082109634 677.5079861662679 22.147543634035486
6643.659787223018 661.786537041527 21.88330547947129
6647.268734289898 673.3783336648385 22.0384220077973
6650.8780378923875 696.2677223281656 22.180521058853227
6654.48763256611 659.7559864092516 21.650236961312956
6658.097400714557 666.9812682556261 21.72176029278685
6661.707443414776 618.5244068944733 21.06927595736854
6665.317861231329 657.5463850083593 21.550084271901586
6668.928490736386 626.113255071927 21.193381504437934
6672.539436525314 652.6885901240794 21.299328284968187
6676.15065383088 602.8068737957176 20.708212716105315
6679.762198738914 647.9473084172781 21.235544074763112
6683.374097897705 630.5903432371008 20.745132898703496
6686.985778944992 640.7355708207705 21.016334736902557
6690.598414601038 663.730068004703 21.228697931748766
6694.210978236323 602.1897945290324 20.423279868095435
6697.823880311799 619.6130791908391 20.64112322832677
6701.437037936346 618.6256458610083 20.64435751648116
6705.050514973506 638.6505884420867 20.862645564469602
6708.664160419506 606.8926291136343 20.527036657575895
6712.27816346059 626.453828165729 20.835791718460282
6715.892424190746 627.5854237826055 20.79525606445995
6719.5069303756845 628.6374940133678 20.794349098635816
6723.121727768064 595.7135969734929 20.352589493757172
6726.736656529626 602.0262169907554 20.390033321760672
6730.352193987605 641.1764476936296 20.81095483645949
6733.967781877042 610.0606064591736 20.354932738582132
6737.583629902983 626.0773519210912 20.605734594215807
6741.199790060507 638.9335850931257 20.83788413337016
6744.816223139039 617.9070706082226 20.51310118901799
6748.432891274955 657.7347291405654 20.94405913537284
6752.049837948305 633.3222067663305 20.819975040781227
6755.666970964292 632.6590064885722 20.563456502434686
6759.284537964924 623.2087251422545 20.575653902008337
6762.902287511649 659.5279862179251 20.955695964921322
6766.520282660889 644.2307324129745 20.94570668760958
6770.138510623457 629.615345397173 20.529058613680537
6773.757137021921 617.0989244855766 20.46064702780838
6777.375860584088 617.0016623514128 20.447561967472808
6780.994905229007 623.2866899401145 20.553940907256475
6784.614216891442 617.1911357748629 20.442338027057463
6788.233839580642 605.3750133544733 20.174198893992966
6791.853584041368 566.8570754559009 19.857124140173973
6795.473354276202 642.009078394446 20.57278177277614
6799.094217564947 637.5374544429467 20.334262282745414
6802.714711646751 626.7534542838744 20.33259588663733
6806.335281723101 591.1872533852473 19.894872737818385
6809.956520525004 591.8927082825303 19.715121904724906
6813.57813073438 560.4109170826022 19.35931937302905
6817.199662050008 576.1242669889031 19.742830259414824
6820.821517980105 581.3886569015455 19.962995028740668
6824.443471374165 592.596341897559 20.67851486306797
6828.065948817958 576.8786721154496 20.942956094409368
6831.68870346621 632.9983758003136 21.774144985301223
6835.311473963678 573.6233312301304 21.30481144681315
6838.934629820673 567.1541902914155 20.95762814018977
6842.558158088527 639.4474883964859 21.468014943988372
6846.181852013074 612.1146841637411 20.623837266099763
6849.805802633889 618.4093428851652 20.774877844916904
6853.429950733573 637.2843852989038 21.100239201844264
6857.0542431501235 643.4943216291102 22.095709231778756
6860.6788432167605 620.5006150018512 22.66125024049544
6864.303537311657 642.5665074154633 22.89408886853988
6867.928856742176 562.4081647697175 22.27610970930163
6871.554245415212 558.5845696277099 22.242710057715833
6875.180032385157 534.8128798489068 20.854135132606665
6878.805890078103 585.4237435145473 21.597470461489905
6882.432097010781 634.0398090658224 22.67514381724638
6886.060321768437 588.6596655906262 22.81190228560712
6889.685057237876 651.1739302631021 23.293135999527784
6893.311929818094 675.014192980132 23.387567826454262
6896.93903141271 661.6675150713302 23.542282295453383
6900.56629928614 640.8826685621043 23.109804616448375
6904.193993819996 719.3838658557887 23.976500916654675
6907.821714167062 642.837113304969 23.242783072152104
6911.451055871368 723.2341590952004 23.731058624093
6915.078101954574 669.1176394823158 23.196111359025494
6918.705545999742 738.6263340991416 24.127246832558342
6922.335180236147 707.7762873632186 23.4892187277785
6925.964536340458 710.7061268693293 23.370724783898677
6929.593216837726 742.8558502447078 23.3622017349369
6933.223395510202 808.5697911677597 23.86690950541512
6936.852733764755 839.9582965783138 23.727366918701303
6940.483229842498 770.0186660938457 23.069924102428054
6944.113157856713 586.2024237816045 21.25523315902973
6947.743654047175 653.2063179618912 21.898183150597067
6951.3743831725105 710.4708593419547 22.236129832015948
6955.004959482444 735.7490213018317 22.264289567170536
6958.636549070595 746.62784801174 21.982304505943436
6962.268053531451 726.0816650760294 21.456598749006808
6965.89951940477 602.0756449467596 19.977783682273905
6969.531336515483 593.6126119804907 19.78190849929487
6973.163351777644 550.0044660099925 19.608110001299657
6976.7959139721415 573.4215315464878 19.656184627448834
6980.428249785531 585.2874687837505 19.800449670304523
6984.061029343443 601.9569219563919 19.88262554838794
6987.693749346866 574.6175869046781 19.27170850868847
6991.327306000647 539.4859217143849 18.621578484912867
6994.960775886658 600.5825730310095 19.438980129623687
6998.594385551899 557.9803565783002 18.983264556629962
7002.2283973178255 554.4279683467155 18.848880686109226
7005.862497352117 572.0666294344429 19.19998514048947
7009.496875865734 544.5479823123609 18.8970858183699
7013.131515865836 557.3530735161866 18.81705060997834
7016.766369341217 589.7616511503744 19.14252682293884
7020.401445499291 586.2570697259083 18.889859645204293
7024.036659068915 525.0705726958355 18.066604387968056
7027.672166641219 545.9302227871585 18.36537236123658
7031.307876071179 540.1658411068971 18.381620399273558
7034.943791883839 507.03271596862754 18.033144554370764
7038.579994561195 550.3794641335433 18.41217282975767
7042.21635875906 543.5578815312758 18.477612655871333
7045.852623833573 560.9108661170396 18.527632477132297
7049.489450603259 546.2856135750179 18.3988810903038
7053.12687028134 542.2951716729203 18.537194808625504
7056.7641253342435 542.9768971220165 18.69121730280256
7060.401690889143 557.6623410879572 18.616167916105717
7064.03939086101 545.9592205417633 18.438276103429704
7067.6773433225735 585.0430479396223 19.065107881814434
7071.315450209009 561.3147372088001 18.915956844341935
7074.953845396174 581.8816206828309 19.228700554338413
7078.592445776343 561.6639695925201 18.871082751557616
7082.23037685156 552.8740060150307 18.742182842921405
7085.870223394445 539.4387360322825 18.88844730534918
7089.509452975968 547.0244364268582 18.822518600259077
7093.148962787208 618.4933968278617 19.675277578459443
7096.78861643077 633.0022528191096 19.735087151874684
7100.428529508982 570.185264716142 18.717477744618886
7104.06860607532 554.8656246683553 18.541507253350343
7107.708947145198 587.0028753886359 18.894121754772602
7111.348326920588 576.9481781450224 18.443916188839815
7114.99022735012 584.245667786541 18.692761451527268
7118.631160697078 581.4377375180383 18.61369736631267
7122.272321180412 543.7821860864345 18.10314760166805
7125.913270998417 556.2787638945772 18.150345128648535
7129.555311342703 563.5927607948973 18.18096856860259
7133.197043094184 528.2231227064289 17.792853283893923
7136.83905121979 522.7805291043034 17.816652532780655
7140.481260138091 524.5353156028455 17.969536501080373
7144.12374771227 555.5214009444198 18.230189246242034
7147.7663180582795 531.9855713474745 17.978843558160168
7151.409170329876 537.3665494985737 18.131480213836724
7155.052281811596 584.245209531422 18.40795449720694
7158.695490502235 531.9963505309724 18.014725028432025
7162.3389581295 532.6550648364827 17.813899898155377
7165.982702718887 562.5954460611393 18.0469994147844
7169.62654488162 542.4037561828593 17.82693318870851
7173.270618668159 492.4365224164887 17.054894888020986
7176.914455758873 476.98341173668734 16.82538599488334
7180.5591866634795 499.8700392638419 16.872293479115466
7184.20409825205 494.6492613032585 16.722086741186143
7187.849070622894 503.6464613383354 16.776674898162913
7191.494088330776 465.08891875651193 16.18778162268581
7195.139833622774 493.4609796407356 16.33189172796242
7198.784897644347 461.71624304286513 16.148077479679912
7202.430719359629 490.2094335651704 16.406488864062478
7206.0765445744655 460.668761568717 16.00699607942222
7209.722768362364 489.78238146669776 16.32653313531555
7213.368620367368 505.0144578675546 16.4479907696284
7217.015370296761 516.9873560506916 16.583548354264956
7220.66230176 495.74398412448755 16.27516574105467
7224.3092320305295 484.50940713534396 16.295240663122144
7227.956308286567 473.44693590272476 16.05272885698268
7231.6036177416 492.5825111131632 16.669164052689318
7235.2509601138245 471.5929039322041 17.29152578553406
7238.898637873921 477.16369680390255 18.145327178424512
7242.546683063558 440.1441400010148 18.01933847013306
7246.194631283538 451.58233496337544 18.27914481026458
7249.8429700679435 419.28465175181066 17.18776878319895
7253.491570804141 410.53107352188056 16.441694347091477
7257.140380493639 438.84696147412217 15.966368279512077
7260.789329544968 428.5585682739417 15.711183911072817
7264.438393640465 447.726605818416 15.827948022438918
7268.087639335417 453.17616222916797 16.562588393118965
7271.736943937375 426.2866624212227 17.45215526146594
7275.386695540321 473.7317139914841 18.172733063421262
7279.036423307291 420.1671004859126 18.21374328344891
7282.686600279497 451.09162535660124 18.53266396519255
7286.336987034739 451.65153701710904 17.147654462093726
7289.987316857081 490.53569330709985 17.23999407623131
7293.638217034146 497.5748250209031 17.07478327440043
7297.289066360206 448.6098604558874 16.414279382562277
7300.940081345041 483.1856456592359 16.956167817959354
7304.5912969784185 465.5735571298619 16.736752776132285
7308.242588565087 437.3435549360831 17.09516118977959
7311.894184041547 476.04103607915266 18.21024297489184
7315.54601904355 475.9334315108136 18.029437970825143
7319.197990564585 455.41794434981904 17.911858663379693
7322.850073610233 434.01981783827847 18.31826054788644
7326.502679022907 472.163439653387 17.600153204858067
7330.155157622452 447.8380173001215 17.08607194983176
7333.807848350769 477.18347397624956 18.670701402362894
7337.46070054186 468.4746355951273 18.8510795513051
7341.113948838231 477.01069076974903 18.69865438467759
7344.767172889739 447.5024962061517 18.350733538236604
7348.420799939076 470.7700193451928 18.356998182285487
7352.073084800967 463.98611441720965 17.03482604660691
7355.72848066649 484.82272319796346 17.46769389688993
7359.38238376672 470.0515012723063 17.4676803842056
7363.036509518487 476.79696062028665 18.488225124695095
7366.6910473190055 466.6559064054061 18.577848697394604
7370.345759226381 501.6977704336359 18.499147341528474
7374.000552067895 481.5859755335801 18.20173460936809
7377.655591260233 471.7269670052085 17.666081994119576
7381.310878565744 463.6147645042953 16.682648865824557
7384.9661619534345 478.5881490725587 16.935009879161107
7388.621731451841 448.4990263890801 16.731728275940853
7392.277444023104 461.60416998046355 16.969515690693175
7395.9345927745535 470.0791161486225 17.822020111127554
7399.589758770409 423.4284497565259 17.217901264332767
7403.245692363657 485.457002385708 17.560151427241767
7406.902120920111 468.2154591187405 17.35470325308868
7410.558838615333 450.89542922882293 16.679190291275034
7414.215485067189 466.95312869247 16.27759481209574
7417.872729809728 475.8729294356985 16.50394778200814
7421.52988582923 441.6952818290011 16.127612214326586
7425.187125918858 425.53903837107345 16.093002456003205
7428.844729779938 426.2278868562727 16.152142692376746
7432.5023832434035 441.9726393948836 16.784795825855262
7436.160324247366 432.32759134165354 16.614097587863473
7439.818440516193 447.34934640882557 16.510168218183182
7443.4767139098985 431.67677392593004 16.38161007392813
7447.135192764485 467.27167218548834 16.478330444384877
7450.793864161362 448.8269498674894 16.18000461462054
7454.4525219794605 390.6242632169774 15.566815024781299
7458.111607437602 445.0171143027935 16.26313860070902
7461.770670950157 419.2312593038753 16.11953563912358
7465.4299749527145 425.32255802129856 16.53446859795014
7469.089385750689 441.32110656568284 16.82901310886238
7472.749135372214 436.6645020360363 17.079740457738957
7476.408931577309 432.3736932745534 17.2463782527648
7480.06903069772 437.71824856447085 17.17372021015539
7483.729221336689 421.7466250260105 16.654164825086923
7487.389671186404 438.5248095647593 16.70595010204682
7491.050194494616 379.8732595786605 15.770647237024143
7494.711100291236 432.32907149865065 15.928782259634563
7498.365088463084 425.439426858348 15.454137420422654
7502.026218722052 423.3511570813836 15.231469164197357
7505.687521340706 390.90126453366094 14.8558354762585
7509.35570307862 378.32773291122845 14.915245745011775
7513.017294548261 390.8370502254226 15.199206933145351
7516.678931667983 391.43980418014536 16.259758843861363
7520.34087271436 411.68647363813955 16.862472455225877
7524.0029594666 389.32264008284096 16.896528978095773
7527.665225526703 371.6817127592498 16.848177565662862
7531.32782254383 402.6960642596181 16.703875719222555
7534.990545260229 397.0173742688971 15.80076387166236
7538.653370023671 385.81316150296624 15.439824793805196
7542.316031474486 396.7190766712505 15.363853998610377
7545.979578615102 411.70708104543735 15.583124122694668
7549.642319910955 377.29226776293007 15.18590849545863
7553.30632719893 397.00205858397106 15.604685834275495
7556.970085572791 427.60960107203965 15.87056816459668
7560.633901765758 428.84974154922025 15.906074782309688
7564.297763002197 395.22219139384515 16.379846780326478
7567.9619331341555 397.83913564559225 16.32522770624937
7571.626307643594 402.7330727783562 16.464793955862433
7575.290809459219 388.5811301800789 16.204869522930423
7578.955531940281 388.4025013203497 16.00678570622528
7582.620510089564 412.41033971348185 15.584781189817516
7586.28554252128 400.6379805342921 15.224287702525586
7589.950645010098 319.7572742273271 14.245907839144534
7593.615998217427 264.270842621635 12.982616595996085
7597.2797477407785 211.52918588292997 11.49718907079892
7600.946135336102 141.03112064954078 9.66749044624821
7604.612885945838 112.68484731075839 9.292882461855031
7608.2787904427105 138.06543480800036 9.266671223686828
7611.944882443067 180.81117750742757 10.581313587696377
7615.61168557341 230.34302203286285 12.047840242630562
7619.277054407007 240.00018836939293 12.460332470602097
7622.9446827186885 254.24341178888832 13.006274228657682
7626.611734693911 237.41779419677835 12.471640897819471
7630.278749039078 208.92665420920488 11.894340606052978
7633.9459315449885 213.28192532212634 11.905977315574757
7637.613265759102 231.47267615380565 12.017985117526363
7641.280896099754 240.40897616060306 12.123815350247158
7644.948591240382 270.28036655960216 12.89303169739443
7648.616546118806 304.2386784134586 13.420385508228408
7652.284494563524 324.24146035686795 14.013738802245406
7655.952614639018 327.355658583165 14.411037129152094
7659.621015684791 343.5583722387982 14.658969680186196
7663.2895475975865 351.0124266303412 14.71177278964845
7666.958214083866 368.89608656497 14.972920689964958
7670.627088935298 377.81366356754495 15.028946955065294
7674.296035351355 351.44871404423844 14.754610421143362
7677.965177484363 370.727463524197 15.145592749389706
7681.634516116439 402.13896171479934 15.763819855659083
7685.30399291621 383.24357595701167 15.561914200504024
7688.973601096602 391.8370023879533 15.750336271368994
7692.643413997867 395.38893062360114 16.10408460345678
7696.313433499025 381.62528428707697 15.492153293879678
7699.98358158875 398.76284251233363 15.612942393771606
7703.653720776335 393.1071986884256 16.40142338649001
7707.32401711845 361.1648671825533 17.30086496535423
7710.994649792937 430.6164360737977 18.76227634248358
7714.665433753723 418.9103828378916 18.81964651156854
7718.336337817037 384.18371059777473 18.502066045825732
7722.007582470557 396.61344506878555 17.439731534111726
7725.678954915937 388.19339988286254 16.0360471388885
7729.350418543684 389.8180942450034 15.77329172714651
7733.021806577031 384.2397778354141 15.445744426221234
7736.693797836554 376.66135932926073 15.137165035676121
7740.365505886491 375.0969930688587 15.835733934764589
7744.037491293495 394.66521488615643 17.587237052043406
7747.709707112392 387.7394413174452 17.492902842183017
7751.382081586677 416.2391629347062 18.13857007911527
7755.054591138366 376.0415085309662 17.926650461797674
7758.7274829302005 379.9963120136432 16.191797309351475
7762.400318137441 350.17185929040716 15.339697593733343
7766.0733446787835 365.2933147725978 15.598242638006445
7769.746644876822 370.21219831883667 14.971336082888493
7773.419851382261 363.1825246510016 15.412258957274204
7777.093437928114 379.1889762361825 15.476385832004937
7780.766717226059 357.2411046436143 14.943434053788
7784.440782787078 369.08802744926913 15.77423036424852
7788.114481756382 376.6772222634924 16.558725090403065
7791.788882428698 388.7061058714081 16.44484361202291
7795.4630819486265 362.4312700233482 16.073694724787604
7799.137532776897 349.9262879352684 16.076502795307086
7802.812284969843 374.4512284578016 15.256212186474063
7806.487043506917 354.15880413204593 14.868931268416654
7810.1617912090005 335.79650026938214 15.137100454848484
7813.836637158107 359.641024312158 16.656562463667683
7817.512050497893 351.3722457503848 16.313010953277193
7821.187468321023 394.2213438320796 16.76102711788245
7824.86300008652 374.5596096379827 16.558983216443202
7828.5388739947275 363.22202495362734 15.220087221817966
7832.214755881038 382.6717028299804 15.067071118585911
7835.8906686837645 349.86890904942584 14.875578428827039
7839.566800689061 343.782321412993 15.019859261555473
7843.242984353817 372.96814993315286 16.416386239619143
7846.91943810719 379.3244383608858 17.504771672543534
7850.595989283046 363.63807724554835 17.437506832959624
7854.265470744956 394.71051844030865 18.237948969115756
7857.940702320845 366.5004001297266 17.412023347183275
7861.617240230061 347.3979940798554 16.298432487751136
7865.299789649454 339.1509104582948 15.665118403179022
7868.978590703636 375.6153273242388 15.811168872282119
7872.657344457022 339.4209519677936 15.78108819037019
7876.33577537874 348.5491127638437 15.491583897572603
7880.014720746529 342.9266174638887 15.407654484519705
7883.692732738004 360.95096898427744 16.033199469706986
7887.371000624443 352.89226030235386 15.290176371805085
7891.049311600493 350.93403597844843 14.97591152239375
7894.7279429558 368.4428292321659 14.914008490250346
7898.406553163204 335.1506642970133 13.898720100917398
7902.085185844025 339.25407901803175 14.600965096635239
7905.763934505979 358.1972464639276 17.113072903577827
7909.443087973335 365.6261164809815 17.51978298057736
7913.122178996049 320.7735931070599 17.73420690545823
7916.801660898958 340.46730409690167 18.09876725047129
7920.479940059376 341.5246601226781 16.43716856443001
7924.160832258041 344.5282857946858 15.890926004081274
7927.841001471373 322.3261134892293 14.915832831245933
7931.521154950901 349.9544995608724 14.814022263169646
7935.201284655201 359.9115850627038 14.987178662748969
7938.881687843468 353.74554476060325 14.755024470911195
7942.562052083634 340.4020673005672 14.694584314103292
7946.241624344923 342.81774636161754 14.541597485811538
7949.923424408 318.5911715215851 14.419068452275713
7953.604343823198 359.98244021520276 15.66605760786038
7957.285297613942 348.1543102818274 16.31638267869412
7960.966649297238 356.7385947009882 16.15940504771295
7964.647910782273 328.33039685524443 16.007831925335314
7968.329541588144 360.497998813885 16.516040103137122
7972.0113124404 340.5072553550014 15.157847521670197
7975.69320415636 302.3438725813778 14.252720578203292
7979.3751530865375 364.9617038754185 15.232028347912873
7983.057240812596 371.4084345228641 16.530830674605863
7986.739433200709 325.94029080073807 16.36455106402632
7990.421088911945 373.8569568030813 16.960579728069952
7994.104493588855 311.2319797178957 16.08226098860329
7997.787497293473 367.1033723784868 16.032551176603704
8001.4705247588445 332.1379304935822 13.971021409444283
8005.153547369477 346.26425793647604 14.57697830207458
8008.836719560568 322.8894248242577 14.444009190259903
8012.520100632379 359.0010614031532 15.007556392147402
8016.203218009007 332.3579680342391 16.170915955185652
8019.887097163431 328.7246242565822 16.116738729074026
8023.57092188318 306.38576362469223 15.579637842997515
8027.254915196319 328.668687012058 15.877191417211204
8030.939236879786 344.655374256489 15.274109979802814
8034.623639540578 322.2464514526339 13.807296143602862
8038.308008375796 324.93082251728174 13.688267104572722
8041.992520779024 322.82758373810174 14.250637061775203
8045.677277235454 329.2227763696359 14.332103100778834
8049.362109392312 330.12586343514226 14.46073398394861
8053.047048618989 325.94680393829 15.1047828930713
8056.73227927616 330.6739516317453 15.029886738949783
8060.417628627428 339.57785729442367 14.85131921685005
8064.1034642974055 369.49067566089747 15.110155628477079
8067.788872553217 332.270994255722 14.295688226412075
8071.474696148912 330.94535854285084 13.80896330390591
8075.16068228037 345.9572305567493 13.874203710451717
8078.84673788626 339.79832651569336 13.915986636536367
8082.532947691889 324.2883624150684 13.810521662596656
8086.219090794144 316.3210110972335 13.60442407990686
8089.905856514391 313.9303416678634 13.661835164910197
8093.592456917998 312.27722805295167 13.963968189566716
8097.279336060566 312.1875264831093 13.91112776244009
8100.966331337065 343.93679515728047 14.088356034811447
8104.653595879447 336.6318703422153 13.995513702142986
8108.340869926194 313.7271825037559 13.339207558923047
8112.028333912357 320.63757632769784 13.21299602971965
8115.714613880809 279.10928251456886 12.588638971495165
8119.403715019933 310.7556911233171 13.123947171630414
8123.091587412353 285.88973805305653 12.680986299116405
8126.7796551437605 316.84329537501293 13.1633826180214
8130.467913631731 317.02692339319145 13.195716249501142
8134.1561494875505 274.4015602211698 12.623993997718888
8137.844614505194 286.90003616795724 12.995406660832183
8141.533361720792 314.6346254432947 13.149248704792296
8145.222131953905 287.3722880348418 12.736982097181883
8148.911135354946 296.64952464356537 12.769403910509517
8152.601029963308 275.18760444320606 12.35167727540208
8156.2894965967325 282.9244003039753 12.434428876309694
8159.978953208294 290.11845166330266 12.459748220430896
8163.668437031281 259.8597586725356 12.14877967680268
8167.358209134772 296.7066942242582 12.602816782709363
8171.04799762995 263.32103937792846 12.24037805147769
8174.7380347314265 285.43744319501513 12.518012984363175
8178.428194996818 281.98891570996756 12.508940734923298
8182.117447743075 269.8078621363131 12.370286651693412
8185.808919525111 271.0165162919339 12.621961842249004
8189.498608067674 285.2018204796343 12.85405825924903
8193.190078335036 283.473206529994 12.671336641270011
8196.881245711797 296.3795804465315 12.972428125030119
8200.572548432077 301.26570775281994 12.869473347601513
8204.263571232763 297.0315420367203 12.855743852028901
8207.954977557474 316.9799133334768 13.299163382976163
8211.646442212721 288.9820232661121 12.830467918718332
8215.338194688647 305.8543403209759 13.012858150639326
8219.030002489706 280.1265893541191 12.611099685285325
8222.721945238378 282.3438451037247 12.623888229998167
8226.414108844294 292.96844160938707 12.933085301500817
8230.106363453158 284.2171138417918 12.907409808594618
8233.798826335318 272.1034455343377 12.757580185504791
8237.491348052743 312.6613932566824 13.580232220039221
8241.184079781237 313.233298486501 13.66303973360481
8244.876900874757 282.95785465198173 13.172098256936358
8248.569986966664 306.6455888049438 13.68679875374536
8252.263227713205 327.5590264835539 13.926469113941787
8255.95655775782 307.25301812403325 13.62349370137887
8259.650025935625 298.3647395123005 13.465585105844283
8263.343608299952 280.6891005552451 13.165087495689935
8267.038550456642 305.70791413585596 14.254276366832546
8270.731121416995 284.549238048863 15.028629187852843
8274.425078906052 274.8253160616514 15.54886931378842
8278.119340933055 310.2919473543075 17.09776781428254
8281.81371640372 289.25694201369504 16.760913323651046
8285.508246857122 310.5796815105931 17.455461011221274
8289.202945079447 286.7022730374088 17.466596854205864
8292.897923040106 273.960869732942 16.21777677559224
8296.592918448296 312.5300967860518 16.680888584265016
8300.288146000074 303.94443185455543 16.401706783337477
8303.983701810235 302.56902757102534 14.5009185490937
8307.679278137204 316.577140353687 14.328251695507666
8311.374848060952 281.0984546936347 13.805726726315452
8315.07066216926 281.76718524555383 13.237647767038071
8318.766703577472 312.3954747307335 13.606095255559882
8322.46271861209 286.04763826158194 13.155627943794073
8326.158701772183 317.57344217590276 13.752982996490154
8329.85496049574 322.8355786264568 15.78524534655933
8333.55129732337 285.3838304825965 18.506127102976443
8337.247987050976 297.1328045357405 19.066872579588612
8340.94484071222 331.5321721925708 20.090356112720553
8344.64187060862 287.0538223400709 19.300997554966383
8348.339214860804 275.8117680196872 16.303915284587237
8352.036612022566 290.28680739648064 15.352691805594796
8355.734221517907 290.8174995867506 14.433279565111926
8359.431936564157 295.21431011468775 13.73191174411874
8363.129639255483 269.5700916374606 13.420054199333583
8366.82765556828 310.6827733882478 13.878531767985166
8370.525622361973 293.6269548458419 14.22847076177199
8374.223831962505 278.85090914247394 14.019792969606973
8377.92218148992 278.37048062065094 14.030298552606185
8381.620738614565 282.97093996573903 14.185829935235708
8385.319257185472 286.7682822324471 15.600659491222851
8389.018048258273 279.74037152640176 16.591636565497847
8392.717084464006 277.55835587687613 16.472585041631774
8396.416261803168 291.1558431154018 16.884343739969097
8400.115615228688 266.15277072876535 16.0652849970642
8403.81530644054 306.10656983439753 15.10250593916749
8407.514909853255 262.87311232644146 14.215861771688969
8411.214647713754 276.69654207531954 14.582551021566223
8414.914467919667 292.6762743424233 16.135007304123164
8418.614454657925 271.6450987919102 17.413289160061506
8422.314799661886 310.83859294200903 17.69541720291071
8426.015189561262 317.2181240927978 18.04479809478695
8429.71589002382 329.3409923203181 17.420245164535142
8433.416809947772 284.11872546189454 14.505916095445862
8437.11682813021 294.9530433123072 13.766087226938613
8440.818645168496 292.30961610706527 14.841365753547436
8444.519965581963 314.5673927702913 14.969730701145922
8448.221111988641 281.4468003708418 15.009088508415026
8451.922535525695 303.54523134546105 16.816049055621505
8455.624222940767 273.3095131143193 16.226673329039627
8459.32603353333 268.70143650164056 16.16198784717472
8463.028102534587 309.3396735231698 16.779485800141256
8466.730453112008 292.1180017157963 15.04003203606005
8470.43299470037 309.3834569881482 13.672240043287877
8474.135407974056 296.51678493713894 13.449899528500048
8477.83795886946 282.1921299967629 13.596043226693029
8481.54062060487 282.1304251875749 14.092129967341094
8485.243556504045 303.23851588287374 14.69774383910574
8488.946475767223 288.51689770785225 15.195545002261332
8492.649727844178 315.6860404680809 16.342193090614234
8496.353210582212 312.58504279009577 15.840477536672733
8500.056694130548 269.3672895056697 15.198458875518392
8503.760625193689 320.70762463755614 15.430278824421777
8507.464588721039 282.4125280437554 13.980301817107895
8511.168852970071 284.3181623786084 13.634545193868105
8514.872950424384 298.18733474735285 13.802102865983416
8518.577324374259 303.7863316635236 13.940565818196273
8522.28194440308 285.4557173465599 13.724965306691514
8525.985759421961 261.9060270965254 13.41470520519995
8529.691244599155 293.3504986001235 14.005786096923401
8533.39620447322 310.1925479451371 14.668121053834774
8537.101309099926 267.9368586676669 14.274210989445905
8540.808706127546 272.7132433181518 14.113544681236812
8544.512199530403 280.7369033824771 14.05103336268512
8548.217971071013 284.249435669298 13.760230959437216
8551.923867197529 275.89125342565933 13.168579830774334
8555.629897639681 289.8033096263128 13.122660282575888
8559.335920419831 261.34333409708364 12.860610432207267
8563.042096106445 254.4315012774812 12.72132013945772
8566.748369991834 284.8577092760378 12.904948975646157
8570.455268841213 240.161488867593 12.086376665631974
8574.162083775838 253.14176829519897 12.575619628754524
8577.868946623148 253.2624169107756 12.511679716183055
8581.57617228627 272.77116749572247 12.87974563734316
8585.283293028468 257.8859873534675 12.724967353981855
8588.993045822206 265.88516947415434 12.717274984386846
8592.698412525377 254.84965874238233 12.37868921728995
8596.40629478086 262.48645396257467 12.467008321356042
8600.114176375191 256.77084234875247 12.162738715247102
8603.822296487997 276.47889022058814 12.738590502200756
8607.530178648209 223.48565457835122 12.33050944245816
8611.23878248896 252.85724336045888 13.21125093771259
8614.947231628252 234.02454539532886 13.363278625569102
8618.656013481861 253.13809645291167 13.944458028436285
8622.364993442578 253.6454173436029 13.90271911298839
8626.076687131595 234.7940848730842 13.814782813804989
8629.783351622315 258.05760317579166 13.791893639709185
8633.492773120675 262.90767185010253 13.874884874381904
8637.202404336116 266.4933776009831 14.024529566096797
8640.912011711729 219.06188327384893 13.586322614096602
8644.622000313444 274.1417100858484 14.57442955752029
8648.332127147907 291.37451078557604 15.012841219931385
8652.042284531657 245.58473025186524 14.366311745438736
8655.75304931117 273.75922719075317 14.540014723519967
8659.463395145835 255.44908649917292 14.203635389518986
8663.17410697199 254.59805039262307 14.062512019028281
8666.885118139182 249.89152114223893 13.88893064546106
8670.594850613172 244.1047839230502 13.636141711827582
8674.307515756256 262.3003923873241 13.703460494002886
8678.019001722476 257.2699353117203 13.368082525846477
8681.73062038386 257.45583119770583 13.320269682815447
8685.442357682019 244.9353834122694 13.044106695987086
8689.154323846116 261.751581334313 13.258473759759259
8692.866454845658 262.9060739117676 13.263238183893222
8696.5787687915 260.334806836603 13.034675487801364
8700.291252525492 285.058045237083 13.32195412792804
8704.006597448519 250.69292449213293 13.024906126083955
8707.716634287443 264.7495684230526 12.786620439790072
8711.42976201541 251.06975580272749 12.540454846591265
8715.142742947226 265.5980674256556 12.669924101275944
8718.856091771819 289.5262790833502 13.107650847901308
8722.56946654542 235.88588105779954 12.317086076232616
8726.283808580192 248.16587334007724 12.49660501994997
8729.996966158895 226.63248735164757 12.0405419693539
8733.710972220331 247.27699316072696 12.503728917594065
8737.425204732286 252.77856350071113 12.571806616307612
8741.139135486468 255.6646699047929 13.528879627030854
8744.853537751236 233.13107933058998 14.922566825055778
8748.56812767986 257.3642281606439 16.599685887969564
8752.28290378043 231.66860129886462 17.791953360415317
8755.997998738963 260.2331310477282 18.344366447014636
8759.713126057006 233.20150234963552 18.477531953216445
8763.428532585423 239.54615751298223 18.99174773408818
8767.144284974147 264.7782754816953 17.544071315339572
8770.859968641527 244.93257484739033 16.798467929113112
8774.575977314063 243.06846460326105 16.47173401420671
8778.292171657155 234.08402878222154 14.488500855000266
8782.00884712759 273.4344079313814 14.313381472405705
8785.724974183013 222.4820139675156 13.501115769884303
8789.441762221364 240.6202488560022 13.335534415766618
8793.158652078226 228.46988148460528 12.514657230062236
8796.87565435912 243.46774786649556 12.669497873838855
8800.592799448372 260.9693274913723 13.21651591767494
8804.309910207965 238.20054143691527 13.292892355341221
8808.026937100847 211.31803148439306 16.250468531513377
8811.744565165083 234.69828915778547 19.57857971265277
8815.462438986258 228.09402776461036 19.95840345288044
8819.180415665543 214.55896019898705 21.067620693523477
8822.898788877734 223.47070428357665 20.14501064802608
8826.6173713399 231.18369498083393 16.43380826407271
8830.33605926658 247.12404846729999 15.756555688479905
8834.05490061468 236.71313738709992 14.71664438461653
8837.774019437531 249.02406482708207 13.88482347340321
8841.493378696388 235.38833123737203 13.681228198445694
8845.212478836624 244.81100565474685 13.819568110617537
8848.93182160947 234.6592446906823 14.189424556287234
8852.651486242694 242.84620149073058 14.825641989066002
8856.371330838776 230.83332168708532 14.891344861149669
8860.091319410558 219.1871121519103 14.675361517529145
8863.811494289646 229.29942289410917 14.933844217133709
8867.531754261778 262.8043854000898 17.627312235466132
8871.252272599457 237.54330412339036 18.47486731139909
8874.973081881531 271.1729379359068 19.05043402846898
8878.694058868728 243.86338502873838 18.490023379281947
8882.415318567068 243.38132011981855 16.98592135523556
8886.136794252681 245.1729810357171 15.58749616229372
8889.85825746205 245.40513168886247 15.456992336965603
8893.57997116791 225.70116936376087 15.131915078244173
8897.301667356925 222.2313355576263 15.582184980882767
8901.023695547345 241.96343238170604 18.01004207631777
8904.745926376194 251.45509506997226 18.90521313544477
8908.468410894491 241.5002551650134 18.452785533406942
8912.190939534536 198.9140497453568 17.854338227843108
8915.91414415354 220.07889091857064 16.02927954115472
8919.637283517042 229.37823086219058 13.113604720520087
8923.360507766953 248.19344071282399 14.148456455309326
8927.083695338402 213.383471980197 14.26928389672606
8930.806466963972 233.133337394437 14.648905637391577
8934.530985681818 209.732481778364 14.692133810899934
8938.255029308048 202.50977732018453 16.30155989076521
8941.978936763098 218.6166458620035 17.264492679361286
8945.70332573357 231.65205963542047 17.150609572551055
8949.427763684878 198.16142388521203 16.987643786713527
8953.153043591781 229.31900496104342 15.939029711471743
8956.877911033533 198.66150819147603 13.03837277747687
8960.603091374625 222.57448864218068 12.884749733659065
8964.32850227087 255.38031167783228 13.55787626934696
8968.05361612767 190.3441690269707 13.21811417905748
8971.779224310409 185.72899720217885 14.109362844614445
8975.505022502879 210.66425991270387 14.29603486575699
8979.231119896953 203.6968004772889 14.93613168528471
8982.957213191079 182.7781642585732 15.784800881087195
8986.683889267404 217.28479346055707 15.880030751154608
8990.410498119185 213.95474515165927 15.556867322001375
8994.137488988903 207.0896747715998 14.994936457236077
8997.864706191116 186.93210273780178 12.940999772906602
9001.59220564167 212.3556125875115 12.406381669458202
9005.319627902418 183.874094052995 11.702416296113842
9009.047191891326 194.81676389823622 11.950491489571206
9012.777255449848 154.0245880122585 11.330451637053129
9016.502848037942 178.3837678489626 12.056214328833864
9020.231063791389 196.92767392345903 12.748199912500292
9023.959492384973 203.7999350068269 12.992315305837579
9027.68776430689 190.57459487613866 13.397289808304878
9031.416753879734 199.54650070281193 14.121619451794464
9035.145778393893 187.03424760935968 13.700397762661146
9038.874246012803 246.14561617057072 14.452123980935541
9042.60455103872 200.89003084952307 13.778647748751613
9046.334288360036 214.77140074960403 13.434565330045409
9050.064369286416 266.5993752041973 14.161899794565162
9053.794254113374 211.78589798276442 13.34230219715194
9057.52453637494 230.16765800795454 13.626873431505954
9061.255021178025 232.61496098802036 13.632372187954289
9064.985557637725 203.7333014812172 13.082708333568558
9068.716362064346 220.03143087929402 13.667129165288936
9072.447405141405 230.1888146582899 14.222147552651881
9076.1786136652 205.27697141806468 13.763606544161876
9079.910006524924 236.89008392459894 14.583591094175713
9083.640893200441 195.07442079437192 14.289089036480997
9087.373403580455 210.58799063692777 14.399372570213949
9091.105620152683 218.61063248975682 14.300910505424909
9094.837759827682 189.80686480970465 13.627204253379977
9098.57064966396 246.41215988109633 14.006767333939184
9102.30320188161 218.53980562336747 13.548950393821773
9106.03628572564 262.3186698045226 14.363824704739725
9109.76910131668 206.72307905850832 13.145058893110033
9113.50224430375 192.88862364035646 13.123571463452354
9117.235990440857 206.95284029943008 13.509958798716774
9120.969838686735 225.92059752044074 13.867103595974411
9124.703700268552 224.76081029094448 13.999847992756127
9128.43723697214 204.08917105938332 13.58093417923972
9132.171926157152 193.20356086826376 13.794712121398536
9135.906641277139 221.79419269779555 14.482146352867826
9139.641474053009 215.10034525337758 14.334849717964143
9143.376301759412 210.54273939290184 14.264935500474188
9147.111667549332 189.47241877300337 13.840572216235339
9150.846520795656 216.10613915406614 14.18588127209365
9154.58303840082 238.36870281149154 14.650245169740009
9158.31809693155 216.3235047571272 13.894342018265977
9162.054743592515 210.8135845296264 13.930585600363308
9165.79311834127 205.76101051080903 13.49370485174859
9169.527500052893 199.91785241248465 13.608026227534943
9173.267135940114 222.3638222188996 14.053749091486331
9177.00115126453 199.75222720512218 13.508743567723396
9180.738411289902 222.9397393234607 14.15585264832822
9184.475815253742 247.5987918588918 14.461348618690481
9188.213943063487 230.55593598267646 14.196295028754756
9191.951068239223 225.165700131602 14.308917962043646
9195.690134099475 237.5734511788603 14.284776173805469
9199.427306392607 218.65249215186822 14.177904776101613
9203.1660124559 277.6141283583304 15.450911710580915
9206.904471564894 220.19291427502773 14.584808617890051
9210.643476966967 217.3945634037066 14.47487174363869
9214.382710700935 223.3853088422754 14.225272270514147
9218.12206419318 233.49797908847043 14.565552677085531
9221.862847389018 214.54387155332773 13.927167362834162
9225.600272899666 232.1916485011644 14.408595340663513
9229.341123626342 225.51699727252245 14.482033863016387
9233.082090770558 231.5761201269916 14.562190290362176
9236.822282429703 208.17933594186061 14.091850140867761
9240.562572157347 210.3064846294179 14.380643475221657
9244.30354094316 224.41128434695688 14.82598489577683
9248.044752902486 215.9608747757457 14.44686420990787
9251.786149670335 243.19427935446652 14.922883695184664
9255.52696601544 201.1275983813895 14.321233353612346
9259.269506638044 205.7609697573604 14.341846026071403
9263.01137049803 198.64333511589888 14.699329043972805
9266.753688628976 224.57549272269057 15.70235864844696
9270.496299504639 217.54265975117107 15.8276316766495
9274.24055254024 203.2490222092368 16.013070210510016
9277.981867231298 230.40458310212284 17.106317169925223
9281.724425323751 238.60390722611982 19.289097888888527
9285.46794734911 219.97026516734007 22.392942789288497
9289.211291351347 168.34293367093076 25.860370139378297
9292.955305519763 216.62626628613532 28.923352569499258
9296.699284628405 177.555325070962 29.61514946577406
9300.443769140244 215.95944173632782 30.9922191340091
9304.1883480765 171.58812954380124 28.137562484862805
9307.933376624364 230.77021457079522 26.366596982701225
9311.678294744697 177.43685763194455 24.572374565802917
9315.423747941362 152.87699496100177 22.420532617504946
9319.169224903893 158.63499702150776 20.17580008612823
9322.915295925863 222.39685350985542 21.065196805203726
9326.66119889562 189.56411699960933 19.89660861627492
9330.407762578885 214.48693617352149 19.14166840257395
9334.153940735623 203.87976622356172 18.508159472136036
9337.900873995088 200.58710012813162 18.32319274645659
9341.647511659154 160.71065518176664 17.21991720619027
9345.394710150109 157.26885374723946 17.589064305476576
9349.141535578132 143.82859632418374 22.290436074092664
9352.889310203169 215.95134277963925 28.87604139218739
9356.63722323463 165.93182347531695 28.489318558054876
9360.385371687378 139.65869561950646 27.10983960299505
9364.133805478714 111.79467999218089 23.806185966499076
9367.882967396237 199.16289124866702 19.410744036887042
9371.631975976909 185.89387657377523 16.191405669128457
9375.381006700716 189.80378754522025 16.668300868577678
9379.130369054043 203.9298488406899 17.277439204292342
9382.879897621948 193.68799907813622 17.433785905145328
9386.629791889232 201.33831032823846 17.76438154842464
9390.379804729342 189.40227329808337 17.745022854842635
9394.130059474663 181.68887695449234 18.561792929384634
9397.880527628042 170.00775287958822 20.100079801586386
9401.631422968738 182.22769022872194 21.125210071646062
9405.382407892444 143.14191952856464 20.68380611817593
9409.13390395953 255.93240411237076 22.76302171918731
9412.885247959764 206.77395268561955 24.389178585121552
9416.6365988442 136.4864192680937 27.566853926946123
9420.389061897185 216.5128108985945 29.719174811243438
9424.14141005665 254.26632825167675 30.187384479873447
9427.89425746717 258.5302683924638 28.576231799556147
9431.647945057508 211.95719368792652 24.900279932360217
9435.400079629195 207.73317273388972 25.550245939826418
9439.153190599092 177.82403294294895 25.001949303455792
9442.907018532893 213.35977804329508 25.786990075057076
9446.660719213638 198.88969263107413 24.646854915134394
9450.414902325649 308.0512006144469 28.94835252501655
9454.169061266277 205.7195977760775 29.8472276563222
9457.923818590438 169.9122255449458 28.80671743372985
9461.678567521049 188.74632643194 28.61062359281264
9465.434023837095 233.33280341861288 26.271798472966548
9469.189406782685 167.64481512434642 20.269326654379068
9472.94514225969 215.55695642708545 20.947658448197984
9476.7008239381 197.63139247843 22.81499143734254
9480.456939401776 178.42353903232936 22.609635260829354
9484.212319910268 169.46437960854226 22.57648368202428
9487.969691196407 189.9758787374887 23.469309527606303
9491.726883302299 183.17824249046765 23.952902497882672
9495.484327771755 250.58657590201193 24.862451914914843
9499.241564446094 177.80604665669642 23.587284397120012
9502.999265265717 132.90006215772206 22.13633919242617
9506.757210713075 142.05398934155238 20.893688293297547
9510.516621248233 162.86304490001265 19.182110701105362
9514.274185027974 170.29362705690164 19.022034284623242
9518.03121691261 179.1426270442851 19.445764725109374
9521.790343364948 187.24373709198267 18.77172953131432
9525.551527627433 222.1646409091167 21.221123746393697
9529.310706940638 172.0899379601904 20.777919337938446
9533.069360879994 220.38418137299934 22.206640278271983
9536.83084213825 199.9179882065071 22.491490979791248
9540.59107152431 169.60881105520474 23.48472752631164
9544.351783621136 191.22325720711007 24.28680371174032
9548.112720436411 195.30618201809924 24.052162908896715
9551.873923721145 154.3054043041177 22.535176907629165
9555.635804790987 198.0272768846561 21.06554351548534
9559.397496682437 196.75134301629538 19.445036593742895
9563.161420002616 185.03378048682293 18.875731858358225
9566.924585714076 155.69231346183315 19.432810066624032
9570.683988906041 168.90583613746927 18.220231792435232
9574.443326380711 175.2067634523829 18.256014740767583
9578.208453263607 188.33407080160532 20.209598592035896
9581.973874010277 200.61100530418406 20.07136099237867
9585.737305188733 183.09454063692576 19.84262009462836
9589.50106575538 161.50645190913966 19.726253581298657
9593.26528797562 221.98741562376588 21.840399617216505
9597.02996209627 221.15067311542208 21.719700314822372
9600.794410036153 174.64209525785162 20.452987242584914
9604.559891061032 221.3264627507243 21.387149404100178
9608.322335820594 145.03986734001703 18.699484132918847
9612.090032708858 191.52659303390527 19.02488975652048
9615.856519247205 179.08790982095294 19.190082700880716
9619.623030134711 211.15311195687593 19.787239846756098
9623.38909470461 103.91296015371192 17.136131090292448
9627.155955836759 174.89887829049405 19.467629591811754
9630.922898124956 151.78416620298296 19.223586294203805
9634.69022672783 183.75877959842447 19.925513676213377
9638.457894402018 182.57180420818457 21.08613416280149
9642.22577770857 220.2656812644103 22.188318344116006
9645.994308955922 210.52251809922 23.47628992132783
