# SIMPLE = True
# BITPIX = 8
# NAXIS = 0
# EXTEND = True
# VERSPYT = 3.8.6
# VERSNPY = 1.19.4
# VERSSCI = 1.5.3
# VERSAST = 4.1
# VERSSKL = 0.23.2
# VERSPYP = 1.2.0
# DATE = 2020-12-18
# RA = 350.637942938682
# DEC = -4.90592411730679
# TARGET = SP2317-054
# DISPNAME = Grism_4
# DECKER = Slit_1.0
# BINNING = 1,1
# MJD = 59200.83409429398
# AIRMASS = 1.26328461567433
# EXPTIME = 150.0
# FILENAME = ALDl170113.fits
# INSTRUME = ALFOSC_FASU
# PYPELINE = MultiSlit
# PYP_SPEC = not_alfosc
# TELESCOP = NOT
# LON-OBS = 17.88432979
# LAT-OBS = 28.7543303
# ALT-OBS = 2465.5
# DMODCLS = SpecObjs
# DMODVER = 1.0.0
# EXT0000 = SPAT0248-SLIT0250-DET01
# EXT0001 = SPAT0338-SLIT0250-DET01
# NSPEC = 2
4001.9801000934995 20098.11817181785 1251.5554893560068
4005.041175410569 22334.55720341584 1286.441568625434
4008.1036118082156 20980.22417476411 1231.538242443911
4011.1672889948723 20608.94312369379 1195.9334826875545
4014.2322651963564 22152.279874792755 1229.7921078079519
4017.2984868459976 20616.871642046568 1190.6891132128883
4020.3660648326345 19863.171572604606 1156.7944960868779
4023.434844331967 20618.28690593373 1169.8202089629322
4026.50495716026 22048.182371551076 1198.3885572747429
4029.576312374026 20238.43224050689 1151.8334352785498
4032.6489479414827 22723.88166316151 1211.4018858818881
4035.722844641829 22684.77237902122 1206.9896984167644
4038.7980858069254 19525.169635107806 1126.3843048236972
4041.874518529699 21658.86251732597 1166.340988107538
4044.952284846884 21333.1922683792 1149.1235733020426
4048.0311981194764 20865.46093272976 1151.2969029492033
4051.111448510837 21760.91055202167 1172.2723452092987
4054.1929521941975 17991.634665018926 1075.2523693971482
4057.2757143221793 22098.44249447827 1159.6244497235982
4060.3597624479066 20028.21420929357 1093.2245022189077
4063.4450142472815 20338.929502992523 1101.1227106389472
4066.5315694356414 20334.80722144006 1075.124338858303
4069.619339870424 20269.549117821764 1066.72545716508
4072.7083830646025 17960.578882719885 998.5146531944201
4075.7986247150297 21013.31430126428 1062.3573764056598
4078.8901369353157 20058.86114522529 1033.2255787853994
4081.982924737518 20963.498333068554 1040.48183598395
4085.0769228387826 16997.887139288014 938.6643013788364
4088.1721488880876 18399.5153895163 963.7088453884007
4091.2686450215583 18415.909254332506 960.0848078055271
4094.366372193631 18902.63916659211 964.4003994516121
4097.465300837382 17200.397988369634 920.4680120435208
4100.565534901184 15691.921055084498 868.793830598147
4103.66691554006 16728.198821652808 893.0830227600615
4106.769563888273 15597.128104759799 867.0032371612699
4109.873400795726 16860.61767882711 896.2523522128345
4112.978505910519 17415.495005377434 906.4861269378871
4116.08485342903 19634.567429384464 953.8644933453801
4119.192375108268 18820.628531649058 928.9800520804107
4122.301149091525 19266.97213043828 948.7992512160715
4125.4111074261955 17751.807321273733 913.2444448913535
4128.522271317273 17117.2345068367 896.5919555230993
4131.634731651503 21006.637188758043 971.8741838778772
4134.748312976048 19181.898565428237 927.8139571603507
4137.863139634576 19383.817745595057 928.3129971502112
4140.9791849391 20384.483968489996 941.2316707821194
4144.096438887711 19442.666582212307 929.2281130404258
4147.214826354742 16858.118460417594 862.113310437834
4150.334523115318 20279.088426871916 927.8436345076956
4153.455328658536 17349.079597465727 862.6467978519025
4156.577401583218 18897.43159257487 891.1922021109817
4159.700637716592 18628.33017949454 879.4572461919541
4162.825105863944 21166.883885209776 921.791425695013
4165.950733635623 20418.68239217306 905.1514095927162
4169.077501982874 18410.001051750387 858.5143167559235
4172.20553336593 18016.118726883113 858.3684656880905
4175.334722722105 18651.405440139173 866.144937405027
4178.465091719758 17743.16261506793 846.6542953653704
4181.596660254744 18406.64967215458 860.579723530121
4184.729395330363 17485.442025458047 842.1593276538831
4187.863313945372 17484.701233462605 844.0362140191407
4190.998428444039 18605.451609868673 858.6951112526514
4194.134679467642 17717.72758395186 840.4569405221227
4197.272161049437 18570.56055246286 855.6176001926782
4200.4107815517755 17845.26548439587 849.2632901583006
4203.550579855684 18387.14920278161 851.6525918701537
4206.691513172039 16825.91470608508 817.0753124096717
4209.833707537091 18730.322257846972 858.818711865558
4212.97699097826 19017.76805849231 852.1571073255674
4216.121451804134 18862.4448355068 842.7000858220291
4219.267106103383 19903.303899577346 857.3402319068715
4222.413846926866 16596.723007834946 789.9462763508246
4225.56175955516 16316.661364579946 769.8431702965784
4228.71092160552 18617.901451318987 812.256425012916
4231.861116154005 15475.172247693896 744.8892078261943
4235.012572003789 18022.269965610245 791.2971850060723
4238.165125899519 16805.978486516364 763.8364400251244
4241.318823550843 17439.38926942793 765.647033888052
4244.473669928026 17344.690578762224 756.5736467746295
4247.630599752315 18378.88053788481 780.4933395538538
4250.786788349179 15553.095379301434 723.2794632555115
4253.945110090117 17838.996805523642 770.6038319800444
4257.1045179523635 16432.559443261824 744.7351593945677
4260.265075627107 17896.26917506724 773.687963376067
4263.42677477454 17424.004366469708 764.4940957977228
4266.58958347431 16760.735824031937 760.7943689006679
4269.753569640411 18037.495367340212 782.0595476160694
4272.918646964485 17942.623887896843 785.0884670030096
4276.084897718894 18796.85871933643 805.0623071725859
4279.252206465876 16747.56477417241 766.3183234401134
4282.42072075083 17923.422269090293 798.2048932836171
4285.590326002817 18640.152975616445 815.9644979278422
4288.761052147288 18393.562905917413 806.173529222694
4291.932890570495 18581.35880947896 809.3077090831725
4295.1058498940665 17410.033189024874 779.6485370754251
4298.279924772118 16976.02918464653 776.8695593260697
4301.455099600677 14409.112159305647 699.5891823800358
4304.631369165623 13700.795854891785 678.6567986563847
4307.808823828276 13534.979744733084 671.9350461254973
4310.98732546398 12647.136332899465 653.0960999721011
4314.167013873926 14275.211663174881 683.0902772712396
4317.3477627368675 15525.334091067318 698.2545953866148
4320.529663028759 17042.5972469577 724.3096097402969
4323.712610838433 16720.790213263746 713.0329832355858
4326.896664860418 16314.465304394535 693.7148426428549
4330.081811416974 16744.554397545216 698.5133450225082
4333.268060754173 15007.216378309919 656.8376453294633
4336.455402859858 15659.682719868642 664.0114389268471
4339.64381835002 13213.378320703274 608.8847462333912
4342.833327925149 12790.425899944907 593.409616256218
4346.023959024073 11874.873162811225 566.7603247671418
4349.215696556172 14562.70756949178 622.4457620354158
4352.4085378103055 15938.778650529053 639.2895066642478
4355.60236596454 15033.102420197545 625.4231720228646
4358.79734766431 15546.315262078922 631.4986235417919
4361.993380517655 15584.972885326895 627.7079841774217
4365.190521636568 15429.798776809856 624.341500682368
4368.388714485533 16410.697299237698 637.2610374453826
4371.588022230576 13975.10000262472 589.1546387022339
4374.788368075761 14892.291888242218 603.403987058042
4377.989801742762 16197.230294617395 630.2205245814371
4381.192280814744 14252.99478972687 594.6285500024163
4384.395885259301 14871.821614613093 601.2739725717869
4387.600491631676 14256.835156247987 592.2989529082063
4390.80621840137 14430.0884269683 593.3421079569663
4394.012973735248 15533.158590577974 611.1241964996786
4397.220827145666 16642.256088845832 630.9417398398758
4400.4296980433455 16185.58110431587 621.9839108872864
4403.639651744676 15679.267343933092 612.0022856484846
4406.85065276364 15959.631954808148 615.197257634319
4410.062716659326 14274.464969195475 583.5876741287511
4413.275817002643 15173.915923398798 596.979912783677
4416.4900245471135 16458.02517736288 613.0554621870859
4419.705222273847 15499.630502251122 599.1026687012313
4422.921493666044 14423.880857206113 574.6786469546223
4426.138797758086 16387.122161882686 602.792928483656
4429.357188421439 15310.212661371306 579.8967686536325
4432.576549087315 14033.074919222568 557.837156815576
4435.797035146056 15218.422040022975 575.5388242701042
4439.018512057263 15775.650087549739 579.1489448480652
4442.241052013568 14097.122659104674 547.8922879398484
4445.464581711112 14994.254931328946 564.488495265021
4448.689209691075 15174.46828910093 564.4219842824612
4451.914806049441 13129.773483800014 523.176395701942
4455.141495838579 13122.329128159296 522.0500898049519
4458.369175341029 14179.624900068258 538.9192461052572
4461.597909221645 14518.68173172994 547.0772034531539
4464.827642225192 14117.68970019774 537.014808296602
4468.0584425320085 14635.958922233398 543.3707095057817
4471.290211137547 13838.422860775629 528.8645351603097
4474.523037594421 13839.934724729175 529.1337534111892
4477.756874882829 14508.681051139509 537.0093745999469
4480.991740711029 15416.824986854515 554.0441232046751
4484.227590875363 14388.137903746578 533.8426263096936
4487.464501802472 14746.70830004306 534.4477113680784
4490.702390041559 14234.693690596354 523.1854768363452
4493.941304303931 13550.621916656492 511.26909503490754
4497.181208141156 13896.250008658331 517.8015011225792
4500.422150508169 14308.623686670808 520.7602108141688
4503.66408244736 14509.03339440064 520.9545386232076
4506.907031518465 15269.825688624944 531.1894421398094
4510.15096413214 14394.648339121395 515.6453626949373
4513.395908184692 13546.783130274165 499.43899478117766
4516.641860082156 14386.61083090152 509.31387160690423
4519.888803675577 13805.22185384418 497.8230518834756
4523.136726484105 14234.49835852951 504.4133702742283
4526.385659566221 13161.229016771334 487.26753932715917
4529.63559387997 12740.64380813945 473.6565340901869
4532.8865112908625 13401.47799354957 486.2913500689717
4536.138427737343 13142.9674524841 477.56231463509215
4539.391325675969 13580.633866324431 485.5959704073547
4542.645203849433 13303.689514458196 480.50036103946
4545.900071983102 14112.928272868796 492.42339058211707
4549.155929301547 13298.627918267472 476.7149675885667
4552.412738209869 12563.15931990291 465.91797727531355
4555.670562841405 12775.00265440913 466.9213953795113
4558.929358369895 13946.41209932632 483.8792187266256
4562.189110879549 13085.039557119675 470.58454901599873
4565.449867269178 13846.019547139025 480.0182810123839
4568.7115935808915 13277.620894693871 468.00189855353034
4571.974273292128 13429.466797260318 467.9664339142485
4575.237945113495 14601.402014140756 484.53908672803163
4578.502561584887 13414.924845852507 464.3706476293383
4581.768171317659 12555.781123398185 447.0283551050382
4585.034687853724 13263.122025061757 460.40311052270806
4588.302223455092 13067.866339849783 454.6713373489712
4591.570693375547 13159.005521671756 456.0711856237033
4594.840150144318 12452.746798025986 441.6684580044696
4598.110536237058 12335.09088177563 438.745543330315
4601.381906343669 12904.108620447632 446.2323456014879
4604.654225490883 12438.407619159336 436.36782699984224
4607.927464733886 12960.85456943229 446.47708088421604
4611.201710650161 13711.343291127676 453.19822914458916
4614.476876035195 12697.3039167715 437.890729615224
4617.752985363781 12385.869522332388 431.14603266725754
4621.030056484747 12953.34402944336 439.38826584021314
4624.308070052515 12461.44300709547 429.05428189144834
4627.587011160197 12115.711343129939 423.56879833303515
4630.866904703418 13021.162704152926 436.0261078239529
4634.147738088828 12908.294877742796 433.8897487361011
4637.429514291599 12605.437073354831 427.28407457612354
4640.7122299951625 12456.355297867132 424.09428978274934
4643.995882197473 12909.563651127844 429.3467812566693
4647.2804837428175 11985.647142237338 412.07820453963217
4650.566000774138 12508.714108304344 418.1398748634203
4653.852455554519 11635.35020884554 403.96316003529455
4657.139810381688 12796.236139776243 420.50918456826963
4660.428148580138 12318.62156270645 410.83000065430434
4663.7173453040305 11786.403676650389 402.7498278790393
4667.007518433279 11878.54399441062 402.0887997427221
4670.298578457819 11607.533968687201 398.08610379613395
4673.590621816219 11559.421421845444 392.9625033779668
4676.883526874498 10739.380289376113 378.372931747766
4680.177402393152 11899.23045278238 394.9596069757337
4683.472138742697 12445.03829372453 402.9129917424972
4686.767805827813 12785.786485265964 409.2946532851455
4690.064374526367 11845.498350293581 394.0907225381768
4693.36187668371 11636.362658179982 389.3419510097533
4696.6602747100105 11729.904995178644 390.78902143379804
4699.959603530824 11988.126787931908 393.75546877653375
4703.259799724631 10682.52349178485 374.80279399670167
4706.560938722483 11020.443675763037 380.19369667403834
4709.862977120154 11774.914230227056 391.22229915740894
4713.165913897198 11461.401477241774 383.9887348277888
4716.469766255549 12189.366706688603 393.58067323603206
4719.774508204078 12189.236198882036 395.4043951799883
4723.080130291447 12364.924409995294 399.6471863176857
4726.386661930906 12749.428719943371 403.47202582446664
4729.694069052512 10515.359744051255 368.9658579530739
4733.0023982989005 11457.753576550855 382.6943463152965
4736.311617002466 11203.966659372496 377.632832502657
4739.621707206013 11984.667827966357 390.2225212767673
4742.932709016651 11778.737918267381 385.5889361702307
4746.244582522461 11787.945571329625 383.67460550929115
4749.557359629254 11709.634359795526 381.6380310365876
4752.870972453545 11517.729905369297 379.70893730949905
4756.185515750086 11135.804033689927 371.49982362485474
4759.50091770871 11589.00023753806 377.4949180818892
4762.8172151873505 11270.664019580723 372.4512274637122
4766.134367471827 11493.917497028255 373.35214961141844
4769.452414562942 10847.190564372571 363.8639491554483
4772.77132013637 11481.131017740705 371.6909585927721
4776.09112070815 11088.629742744257 362.6193049080772
4779.411780932998 11704.319161194835 371.5461831848089
4782.7333250129095 10852.350460973283 357.7098793386194
4786.055690347422 11820.681980841904 371.9641710251146
4789.378990462566 10516.220437799815 350.6714919717726
4792.7031008110325 11400.701722510501 362.96554596214116
4796.02812097402 10884.040641102998 351.9285772082152
4799.35395312349 11466.763164012013 359.1578981573896
4802.680702603367 10945.153107042684 353.33996579224595
4806.008244570316 10689.7739963828 349.3318290910887
4809.336722970861 10644.985767992925 345.6769653312773
4812.665984693222 11141.734131181285 351.76625249215056
4815.996173781233 10933.891211262277 349.6766106262568
4819.327138035141 10762.890372358062 346.07196429532434
4822.659032784869 10848.112262599352 346.5965883812448
4825.991691748489 10470.626534767698 341.6550871157939
4829.325288704892 10727.335697762579 341.7861453515791
4832.659658186085 10814.775751567162 341.06368159941815
4835.994931943355 10484.962918015597 335.4740653056855
4839.330993680679 10203.104072286964 332.55528054067673
4842.667950970065 9945.87017355861 327.1188278951232
4846.005713064329 10660.488784102534 337.70358514958554
4849.344357084692 10458.658598235665 333.14426502620427
4852.683758058363 9506.882071337872 319.2526987884887
4856.024091044885 9616.79717318804 315.9674394563256
4859.365166293267 8815.897912343562 304.66581218972794
4862.7071557375775 8650.045868256426 303.60463928637967
4866.049920171429 7855.138818867955 285.937556392077
4869.393570334628 8742.20162260887 303.88518367124607
4872.738020779868 9362.881314268532 312.7473583376533
4876.083323818844 10029.40517963785 321.9146561542401
4879.429427971659 9859.222843026764 319.8064267051183
4882.776363468748 9727.324916526155 317.97408119076033
4886.124118014044 10095.610251223032 324.1334864950902
4889.472705745033 10350.243809974438 328.67567030411595
4892.822092656473 9762.752314175337 319.52434254361947
4896.172335686304 10574.0847117416 330.8097675696995
4899.523358546801 10415.570379153085 328.30860831554156
4902.875220344596 11306.19453762705 343.4431281074751
4906.227880511351 10320.481196700124 328.39207185851734
4909.5813635518225 10463.116846138657 328.44368151783334
4912.935652958735 10106.852413446548 324.377742070861
4916.290757529676 10464.357830931758 328.3355637090158
4919.646674130333 9828.591848916962 317.7958945519681
4923.003382386488 9215.650799531728 308.1336283384595
4926.360924385241 10332.622222633141 323.98742742855814
4929.719261942193 9949.126534906862 315.6280885930144
4933.078395969531 9677.50722938803 311.7948901982562
4936.438330264955 9593.922232222449 308.4997178341549
4939.799070913865 9488.523216141022 307.0814976289175
4943.160620345006 10195.006999943767 315.09645256524334
4946.522961945871 10194.66518938234 314.0194113902323
4949.886075906695 10820.829757341837 324.50913535620316
4953.249998512445 9611.471854421614 306.6358831073195
4956.614711739861 9709.388801702293 306.27110553685253
4959.980240547343 9862.57588910142 308.5844154940836
4963.3465360407035 9859.30660403514 308.2001126914502
4966.713643231006 9503.879765064326 302.09156982176575
4970.081512408371 9950.716611397067 307.94394982393095
4973.450201385461 10015.159002213533 308.21117596763435
4976.819630432249 9536.150423064011 300.92878954037565
4980.189849126741 9789.236853008531 307.1672153452448
4983.560872652704 9877.686905925248 306.3891447036088
4986.93264697942 9601.124077638144 303.7548636669138
4990.305220048432 9408.216755554262 300.3132843607275
4993.6785743168475 9848.79980127661 306.42415232276375
4997.052723142553 9529.16022044683 299.57862615628926
5000.427637727152 9367.52689825587 295.9387032126197
5003.803296015177 9799.360436572017 302.9116901657854
5007.1797154467295 9503.704609280418 299.5454925624927
5010.556938735063 8534.007763621003 283.841695985595
5013.93492881665 9133.67003624789 292.43804517678893
5017.313682441613 9080.265497955485 290.65905527685084
5020.693221557855 9722.934483223622 298.1729734795879
5024.07347677996 9431.07628880177 294.91928837584663
5027.4545344233875 10222.666147935874 305.1457195016446
5030.836342275134 9235.118737309043 290.7428024538784
5034.218887526889 9240.646505246768 289.4241902890191
5037.602248021185 9840.909272950892 296.7356080784515
5040.98631715921 8921.704647013019 282.45491995698717
5044.37117373553 9151.209008660293 284.0294297554685
5047.756760749067 9360.093801121222 286.161757408929
5051.1431070384815 8677.681575991885 276.11744702911597
5054.530188860816 8998.907746591378 280.833308453654
5057.918051983406 9026.998979666605 280.94747461187274
5061.3066459368465 9398.957784967135 283.7257698785075
5064.6959934126135 8694.022688197334 274.4843356078247
5068.086090366035 9305.50438112352 281.01985839074985
5071.47693403863 9004.761753162908 277.0165193686211
5074.868502161989 9070.767551330051 277.3667019614194
5078.260854041872 8964.966296015198 273.8023789092707
5081.653879477322 9051.426819595321 276.94868911908975
5085.047703083179 9515.436840046425 281.6629255364161
5088.442233143368 9336.707547522277 279.19847177786534
5091.837510356117 8548.413681814309 267.8189810265894
5095.2335162396075 9193.585048882676 275.47373750187575
5098.630264416387 8148.370398553849 261.3093453120662
5102.027724276385 8565.324966696433 266.9764578741712
5105.425973475389 8878.03432757972 270.4075119907424
5108.824884329663 8787.623868547353 267.4994939112463
5112.224577598555 8877.421260533001 268.5800058171451
5115.624943683129 8283.586789164427 258.47686231465394
5119.026092103514 9429.356875007805 275.66275878727123
5122.4279244206855 9143.491296463648 270.811090050059
5125.83049832069 8713.703099134666 263.6316012846865
5129.233765989682 8761.321806598895 264.0865095687391
5132.637791052281 8724.702350354542 262.237781772141
5136.042498200416 8086.759912775083 253.80975740565412
5139.4479557259265 8240.167319664717 256.05558698952433
5142.854108886011 8645.706500388751 262.6336826602778
5146.260996123704 8396.914586220135 258.54374172066576
5149.66857143322 8738.462118279444 263.63714713028435
5153.076873470072 8465.439453300445 261.1704238387864
5156.485855477051 8474.536086849464 262.5547992665015
5159.895613848878 9104.503321291664 270.98878627420754
5163.30601102472 8705.150825328463 266.97501927975065
5166.717141846601 8824.8858287822 270.6946304848321
5170.128967386911 7566.588483951323 248.71501233852968
5173.541510909087 8240.852382966907 260.9527197256877
5176.954755907951 8186.996914585312 259.2370573769421
5180.368701189823 8726.252210150396 266.4764102796092
5183.783361232209 8569.67084529208 264.33697261585456
5187.19864554604 7641.221989722953 248.65483625383638
5190.614726860145 8014.795772340684 254.0580614265859
5194.031459875006 8312.7019065496 257.31957431999825
5197.448897525013 8743.131870808349 261.43672594461736
5200.867010956736 8302.665396943306 254.74416491522658
5204.28582946126 8061.771739270824 247.98018823689486
5207.70532902191 7873.046633307145 244.4882463085219
5211.1255285984125 8669.133880490954 253.68433245627955
5214.546418360889 8455.095846909844 249.02849446673108
5217.967970721269 8234.68839088665 245.09050206530353
5221.390228084808 7990.929668542252 239.2272862094725
5224.813166153895 7871.477989808394 238.06236978138105
5228.236777822827 7662.557429341081 234.50698790442863
5231.661052587244 7449.558950687768 231.14490723475322
5235.086051766205 7502.565450864506 232.9585681947698
5238.511703313411 8345.031257102344 244.7798687413468
5241.938046322123 8191.355084829577 243.7171851791429
5245.365046205412 8369.739897819603 246.28329695057195
5248.792746751903 7824.777076950431 238.67672116937376
5252.221069256404 7816.138450114519 238.9135479075381
5255.650112978495 7883.45102213298 239.89452419816408
5259.079824268198 8598.34551569427 249.34663440857136
5262.510186648241 7782.2362543151885 237.97697318543476
5265.941191462051 7579.117253642077 232.7852112368141
5269.372934484974 7646.432634976568 235.04756862300636
5272.805273822227 7382.146795218059 229.45206438747866
5276.238316177268 7589.482309095183 232.8547788775087
5279.672014448708 7549.655356496168 230.08249335867774
5283.106381520747 7591.8246687785195 229.57795157074437
5286.5413819200385 7815.22542645333 232.45950339541318
5289.977087397196 8084.673249084131 234.706906155276
5293.413406838674 7953.282073129923 232.23257991586436
5296.850387431905 7650.856312736594 228.14529962059126
5300.288036532429 7497.755780774134 224.07870928434704
5303.726333930661 7656.532009394428 225.99044241647238
5307.165281020047 7474.0779223835325 223.50569132889814
5310.6048814459555 7480.668509690732 223.30310018054163
5314.045123965215 7217.430582606591 219.49014041269868
5317.4860586340465 7629.236440221122 223.9668410502821
5320.927612182858 8250.693995629319 231.5043881371985
5324.369770398385 7060.593153236436 214.45718312773414
5327.812607483922 7200.105758525054 216.71594641479942
5331.256106462436 7191.079211464033 217.07612494496388
5334.700224382603 7275.538365443875 218.02991675239534
5338.145007674881 7545.810528844609 221.3397959853456
5341.590385385638 7511.107290418058 221.50767230014893
5345.036444175319 7049.502669405142 214.4458509335083
5348.483126563616 7951.786379144696 225.86245968904262
5351.930443784255 7260.433326962753 215.51562592570204
5355.378374313626 7490.759734691698 219.55715511690286
5358.827000980254 7881.848095649992 224.13851586628283
5362.276175000219 7194.955034341645 214.94223899871926
5365.726029391472 7001.466770482781 211.9591244524681
5369.176498017644 6985.801491687044 211.01112468830297
5372.627631289243 7116.264571950138 212.1832217579651
5376.07935189372 7148.956974600597 211.5217954830739
5379.531719543901 7334.39308487066 213.89765043438524
5382.984680787576 7125.174482616736 210.8659820356413
5386.438320425598 7089.924225452378 209.14195983525616
5389.892539401771 7273.895418825599 210.10491196038814
5393.347387039195 6908.593344659318 205.0672309099081
5396.802844304563 6681.07586053423 201.0483062941295
5400.258950766896 7100.788067229128 206.76041857880597
5403.715662424308 7349.678291089894 209.34912572911156
5407.172987503451 7021.869641242181 204.65630135393621
5410.630908585986 7223.032001842815 207.42789000132944
5414.089471676142 7002.741251841864 204.09004560047586
5417.548624057809 6913.119365425885 202.72548056167884
5421.008401544056 6549.194152986781 196.93147642445126
5424.468766846711 6634.053342803615 197.75634829663227
5427.9297704712835 6678.764558266273 199.27409046315003
5431.391371611562 7038.028797173545 204.22798880797706
5434.853601252526 7400.26332985708 208.8988233990613
5438.316387794337 6653.965302896557 198.29376147528114
5441.779816947486 6948.6638227316835 202.06934852485463
5445.243825729808 7139.747468175292 204.9708891045308
5448.708448288684 6753.633541864683 199.36568875715227
5452.173641445336 6424.558982427216 195.4191111415051
5455.639477279279 6679.435764932747 199.07857675809188
5459.105901106343 6986.644507306575 202.7827831937029
5462.572905482663 6661.5790934441675 198.29606659494158
5466.040512326262 7021.480524402601 203.07833818220908
5469.508705010331 6650.706459590212 198.79152019328018
5472.977496200635 6408.220640138022 193.70525095413944
5476.4468878043035 6247.783362067874 191.13921502231685
5479.916869400914 6894.430290195204 200.01660138006085
5483.387437276315 6711.935478372772 197.95313005703503
5486.858578061239 6776.176567389339 198.0405806497752
5490.330338155379 6374.66431839185 190.82673107281065
5493.802648365967 6635.707316481082 194.44868995730207
5497.275583575468 7080.348479661908 200.29652509685093
5500.749045267515 6373.08546265062 190.1411805435347
5504.223142164488 6698.9906694404735 193.24084537061543
5507.697790427941 6537.719201718486 190.35934894969643
5511.173042729764 6758.148969253956 192.5794763679261
5514.64884402632 6436.1948873791835 188.1970644363029
5518.125244036232 6404.770098786168 186.21593356826588
5521.602218170303 6780.620937986259 191.53480041207746
5525.079766985971 6113.454139070344 181.18934145821552
5528.557861508886 6207.439020590086 182.7294630390174
5532.036566891067 6237.663821381116 182.72415276820473
5535.515821733073 6179.170007411529 181.13200706304752
5538.995670526514 6672.835544777587 188.17772217246173
5542.4760735216005 6650.6312228458355 188.232851436941
5545.957040052207 6315.376824758026 182.94971244133387
5549.438569755751 6475.610993270273 185.75735643970623
5552.920681993356 6346.567338172984 183.0662551598415
5556.403356029613 6522.543873487867 185.24088498572527
5559.88658181562 6266.82171745009 182.08078725970506
5563.370367862631 6466.084917323218 184.59385518596525
5566.854713923228 5884.928104146221 177.7426382929744
5570.339548497569 6542.156203555471 192.83238464150622
5573.825011995336 6231.032141765881 192.28553323389372
5577.311014535778 6223.357331804012 191.9159919276097
5580.797615821526 6426.819598471283 195.57663463872186
5584.284761684334 6162.088769902427 189.76261335966845
5587.772575389361 6190.02306162416 183.02782916022156
5591.260807024661 6299.69694331286 183.04426870404433
5594.749620461753 5783.9518400255965 175.4499474156537
5598.238955328937 6117.136230310836 180.02543150453474
5601.728893743205 5761.089422469324 174.47904131362222
5605.219297353172 6520.0625027431815 185.21038763508378
5608.710340297909 6487.4164726679155 184.6746853980976
5612.201834229034 6054.265753179698 178.11830774299773
5615.6939515287 5938.088933479628 175.85779198232106
5619.186566727752 6063.048445920281 176.75820779811346
5622.679765812306 6183.853725010629 178.53289668975444
5626.173458688173 6020.985339958848 175.62885938482944
5629.667740918181 6142.110033803353 176.01996603898223
5633.162528076138 5844.481956629425 171.18525249944867
5636.657892634843 6302.675479255883 176.46770090367013
5640.153723432813 6173.658107706459 175.09134831139153
5643.650169830562 5858.002127580136 169.7151883340204
5647.147104510287 5363.915203584181 162.20744818385037
5650.644554993111 6060.197400177959 172.50660498452402
5654.142568613147 5849.291227398368 169.51536454671543
5657.641111081493 5811.017411594432 169.37494959404313
5661.140170155504 5672.4774147053 167.48755592761526
5664.639786885849 6018.901529099008 171.5159623146349
5668.139916515322 5994.9493574768485 171.72427395371898
5671.640569792314 5853.244603279963 169.53099520411334
5675.141741376661 5772.728458891224 169.36697999908654
5678.643442273642 5777.017647313253 169.18698680597876
5682.145690968185 5556.64986613928 165.56656181896898
5685.648454655976 5916.903451092978 170.16378428233534
5689.151729222829 6034.013787394223 171.75252773026102
5692.655509030403 5728.566169556693 167.8954461717627
5696.1598135159675 5691.0782212432205 167.90792611369054
5699.664644828077 5660.299713886689 167.1903340739904
5703.169993597107 5802.561661714369 168.95560991051659
5706.675855096142 5313.416882539943 161.8084647735808
5710.182235330467 5598.079324177443 165.402121613831
5713.68913589581 5452.450436888951 163.75497370177604
5717.196538191715 5800.547627557299 167.52831130805345
5720.704477892006 5802.243561675062 167.45806793252478
5724.212899636056 5825.433016475572 167.738056775416
5727.721848662696 5777.523676413675 166.34087566533302
5731.2312776157805 5525.965732295047 162.67911785811683
5734.7412615931125 5482.630465296218 161.19294093672482
5738.2517201157225 5553.719684065483 162.01420943303066
5741.762678032153 5728.676524862927 164.69478887788762
5745.274139941037 5373.17290957982 159.77431233561043
5748.786120078833 5419.2058122561175 159.63121237201403
5752.2985917329825 5368.033353628695 158.6164000722568
5755.811581655811 5212.924089047468 156.1079427069412
5759.325073228594 5248.2385249743775 155.895751689921
5762.839035441499 5825.69829236116 163.65086688400427
5766.353520924348 5819.789886978115 163.13126037004963
5769.868479625675 5629.975257320243 160.71469617968432
5773.383939493813 5296.4229679832215 156.16903823260017
5776.899898725277 5465.461267779826 157.4083325803072
5780.416365328302 5261.623714551782 154.27274692224896
5783.933287522316 5278.903198254221 154.90085381884333
5787.450746865531 5403.572253513447 155.9131795909588
5790.968660240974 5467.539717980783 156.42092466529985
5794.4871015045765 5385.857852290879 154.45347746870414
5798.00598937757 5507.536552927285 155.74555279979086
5801.525385332165 5169.457904776518 150.74868608221732
5805.045245425453 5486.780195653245 155.07435730352154
5808.565642417538 5540.7421823685045 155.63550549474704
5812.086468662893 5055.755984370778 148.53090271486633
5815.607790358895 5094.576646020387 149.3072406522072
5819.129613038519 5466.696167165279 153.84863096562054
5822.651912198304 5345.698101402647 152.00848097469841
5826.174669548338 5191.734635720211 150.0827736882089
5829.697946281882 5096.036041945758 147.77863769717257
5833.221646220118 5208.424617655396 149.53299080600527
5836.745860479158 5080.800721705216 148.47781142703863
5840.270548565603 5404.04857245633 152.50436754562034
5843.795715333516 5077.759675813679 148.26875203909756
5847.321337856322 5471.918261903635 153.09001832759273
5850.847457605585 5230.657399764184 150.88006045527055
5854.373994922922 5107.574898865293 149.07759637577834
5857.901082531081 5036.293994033936 147.71280942964754
5861.4285663863475 5186.71843459642 150.21827994817306
5864.956575107418 4997.2113005546935 147.59715817395517
5868.48499591365 5314.364606665841 152.47902042802951
5872.013938237853 4919.471722262803 147.49458388798504
5875.543307971935 5478.691350872609 154.5225537330387
5879.073180479571 5062.935023159964 149.51450184765926
5882.603412902884 5140.181299453454 152.68606255841473
5886.1341822532 4982.479914840706 153.0828607491405
5889.66534411932 4816.761905901506 152.5643484490535
5893.197063531363 4711.475086554313 151.82996087847536
5896.729211160148 4694.283457508254 149.86609066135492
5900.26189257886 5011.016089129996 151.37017029664878
5903.794973447773 4772.451690827469 146.2929039505585
5907.328543465249 5016.24755617389 147.96091483714343
5910.862509003171 5172.579522703956 149.91112395252253
5914.396991403908 5105.305107511508 147.93387468305045
5917.931867749447 5218.766469986273 148.57139670181596
5921.467211013072 4681.313198216882 141.41780193883974
5925.002988142025 4980.490347611025 145.24704380957726
5928.539272349148 5106.3426728066 146.55058727309955
5932.075914234867 4700.984788029724 140.74045284440328
5935.61308796316 5022.520406193605 144.81438588529542
5939.150674996846 4825.908750934354 141.66234241071848
5942.68871247495 4782.166967365343 140.86414206750555
5946.2271940457995 5050.371752809456 144.1391081785535
5949.766135566292 4713.108896036131 139.2504659031378
5953.305491909179 4709.556051628714 139.25232545923626
5956.84534414767 4755.477823353393 139.09538448733133
5960.385564048425 4931.049056684038 141.92460589865942
5963.926283539169 4736.025287244468 139.260736213697
5967.467401170794 5122.89926578818 144.52172041580542
5971.009001920188 4730.261401507229 139.07316518004555
5974.550976946053 4700.4792278762 139.24662792788476
5978.093475850277 4823.661408276239 140.66901238360387
5981.636340087596 4776.157812699162 139.27104001289618
5985.179682012397 4567.69181218933 136.8670673868285
5988.723400131824 4618.922856239325 137.94577001117534
5992.2676112580775 4695.457475971537 139.3856542890191
5995.812207765692 4658.559928511839 139.0318017405635
5999.35728838116 4733.005781200078 139.7003122290046
6002.902767405389 4867.962282101931 141.36569870827245
6006.44870756866 4942.8012086285635 141.90497541296787
6009.995000445172 4803.33548913547 140.40079398151497
6013.541777397783 4492.786224975196 135.1975259466114
6017.088946383336 4697.955865590322 138.17205835135465
6020.636600785382 4687.227258261191 137.28955951712925
6024.184623671614 4724.103731264842 137.33054450863204
6027.733107177349 4618.886253238372 135.5995023095953
6031.281982088084 4672.202739793472 136.27721678480563
6034.83130188596 4491.226144670256 133.36048398601585
6038.381007618858 4725.062539395789 136.2373457548514
6041.931192388593 4668.581619915481 135.21152306182944
6045.481699567366 4298.3202351247 129.89696817528778
6049.03273489822 4608.433796571452 134.02422960972459
6052.58412251688 4535.241594766761 132.885807927959
6056.135946218645 4504.287103778792 132.27161485441104
6059.688182314884 4576.304296230428 133.11727324965398
6063.240844059018 4584.686989581521 133.1576220192742
6066.793873550357 4432.304250233995 131.83747280185594
6070.347380277625 4684.911516714727 133.85566667203798
6073.901247199835 4531.109579771283 132.43170884688158
6077.455573558382 4645.752404074011 133.17440816298546
6081.010273617126 4646.125561410032 133.03464696839293
6084.565367061975 4300.568266944883 128.07171158475842
6088.120881641988 4416.280579401077 129.18737976536516
6091.676812444631 4213.544010004763 126.13303791076676
6095.233160375441 4542.0784867159955 130.96878463352917
6098.7899044872765 4405.906928308901 128.96308254757616
6102.3470282778935 4396.494510848416 128.64143733756865
6105.904599969298 4565.343600580499 130.49820174727566
6109.462506452181 4497.67435389651 130.5547187498588
6113.020889043307 4371.752088319475 128.02019301038231
6116.5796038400285 4224.05557492282 125.62509248027442
6120.138779056608 4242.019057730346 126.65559487253775
6123.69831538946 4442.463376891914 128.8153312590394
6127.258273578167 4362.681125249468 128.22954714676936
6130.818595173014 4266.953011632339 127.42086601836465
6134.379364480042 4662.96130476899 132.93116102915621
6137.940475594697 4213.09335935784 127.11736800558363
6141.501999263869 4446.815216297674 129.5065961885752
6145.063932346522 4446.0478949925155 130.07003055553562
6148.626243121041 4347.064510481191 128.7934687018161
6152.1889682360015 4534.072273870253 131.26184437188456
6155.75204709255 4405.550874038098 128.85317648932107
6159.315520428292 4238.2788669671345 126.7739849642268
6162.8793972319 4200.767380759721 125.844008762563
6166.44364688549 4014.2223043210674 123.16121069225069
6170.008313855661 4236.602785108128 125.96767703713616
6173.573338551905 4095.3350214405473 123.56324794285649
6177.138752764845 4207.165126349512 125.10501087677741
6180.70457497185 4137.981776243704 123.49558165118195
6184.270736619875 4038.483166427853 122.08990356632172
6187.837333976398 4253.9526947120985 124.45542463156895
6191.404278357222 4241.579539085652 124.40456567350351
6194.971609956524 4145.575803127622 123.05117254109751
6198.5393232998995 4212.894101549484 123.82934584599647
6202.107430246967 4362.373235235853 125.80844877027349
6205.675895600392 4468.580714891493 127.39329430845514
6209.244741151505 4207.87495534827 123.58883845692786
6212.8139464628575 4163.852769487916 123.50309370901469
6216.383558094734 4090.6324221342934 122.64380612917903
6219.953532576319 4301.68029397663 125.68271609654401
6223.523880674129 4020.135646710682 121.36009320746214
6227.094585944439 4113.524074703893 123.00360286190103
6230.665698290938 4118.898246750157 123.52119016599363
6234.237142170467 3962.4280947266784 120.83145856661424
6237.808999145052 4046.771184091509 122.6215241194047
6241.381194423736 3957.9242495742587 120.5875236042293
6244.95377978538 4004.4796448104225 121.67960148224563
6248.526726392654 4162.261771909918 123.31537535716419
6252.100052539863 4116.314132377716 122.96689924739468
6255.673701796682 4079.29676872857 122.62349872997086
6259.247748434792 3829.495840109841 118.56913390426736
6262.822145221335 4030.5066360431947 121.80319784539599
6266.396952629294 4155.098066674644 123.1176972318396
6269.97207212974 4096.89141383903 121.95227981747568
6273.547580051341 4063.4179231144417 121.36644422899018
6277.123427644232 4076.126909068021 121.85467118009382
6280.699637436234 3777.3640452040568 117.86212711821138
6284.276213442233 3827.3698857940462 118.27503409570639
6287.853171741708 4116.6604360293895 122.29384587970107
6291.430429794747 4107.175220542959 123.47040893584611
6295.007973809839 3900.9105005992715 126.14615021184876
6298.585962568768 3792.2136676595437 125.80656108645879
6302.164338068895 3998.3732178286523 128.5868275011713
6305.743060210789 3909.516962772903 127.28487444869906
6309.322197726172 4036.4110192371236 125.3525207718922
6312.901714177395 4231.761013975989 124.30560882879689
6316.481484190356 3654.184359789265 115.16389072589874
6320.061610895633 3766.470149159673 116.3855500082601
6323.642110520821 3842.024559938238 117.51271628965172
6327.222929490141 3880.5681490836314 118.47370569343538
6330.804128878979 3865.6213395170225 117.3674387028544
6334.385641897918 3772.5677134557905 116.12929594124462
6337.967532968004 3732.6349126611362 115.03889237271825
6341.549757856903 3846.4087664160247 116.70719561993988
6345.132341585412 3898.902637653982 116.90933900891471
6348.715257805828 4018.370087815453 118.3336861293606
6352.298519657131 3951.8807266329313 117.54074827268613
6355.882096858332 3813.861873655199 115.99683667092941
6359.466015789334 3870.1978749983764 118.43031769057336
6363.050288848838 3669.076326975521 115.68810243188953
6366.634923251918 3804.048952290419 117.389934531032
6370.219903870691 3806.112812365506 117.13920659433802
6373.805263559711 3755.182404925605 113.97019374059865
6377.390905829759 3787.8618520622645 114.39420421908486
6380.976906340667 4018.3979409995572 117.79007974870434
6384.563218577948 3714.9710618321596 113.35056999162211
6388.14987412479 3735.26643177699 113.66126788744299
6391.736889640024 3755.2764085622953 113.60355065166962
6395.324205017035 3665.8894907877875 112.55306263593135
6398.911865394623 3521.316116578238 110.65607828832623
6402.499884576114 3761.171514983534 113.49446489422479
6406.088208973594 3718.323762055647 113.41707985202521
6409.6768694991715 3681.9979785825994 112.51084422248768
6413.265879238827 3664.2969196049976 111.77041286504786
6416.855190573554 3652.599978359115 111.99432149463685
6420.444865610473 3781.9844292835774 113.76976175530605
6424.034847878995 3660.1550050226706 111.61122219623536
6427.625155140497 3813.93828725069 113.70249743982224
6431.21580409455 3692.50267867009 111.59351607591424
6434.8067734493525 3735.392938586815 112.29767586354411
6438.398049217973 3581.4091260076625 109.98844144437815
6441.989647916735 3489.4191846260815 108.68771990981632
6445.581621000964 3628.497624196397 109.92700450540288
6449.173894890173 3711.1385247346416 110.46277579944206
6452.766476888109 3458.4446014141818 106.70849644287097
6456.3593754331705 3636.1011719350577 109.37191767153178
6459.952621070321 3525.083905148411 107.67273239885449
6463.546154184483 3605.650723327472 109.0150183861786
6467.140027928947 3422.5895564297507 106.66848499631263
6470.734204080652 3638.291491828369 109.64599134154972
6474.328709878682 3428.3086477011384 107.0729026505203
6477.923553699226 3687.885459487509 109.857131449309
6481.518732328039 3594.1408196318685 108.12252763881654
6485.114151587777 3575.1632126282348 108.14345295348194
6488.709962125601 3628.4442550571207 108.55561980105048
6492.305996464077 3309.326741762564 104.37321978504391
6495.902413717084 3370.0116790087263 105.5251634153438
6499.499125689474 3374.9005623450703 105.0931385202474
6503.096189810928 3488.8142761682884 106.10573140379633
6506.693518032111 3700.9906850700136 108.79716751943981
6510.291199277063 3389.4192641056247 103.57575418520214
6513.889125569208 3448.8702784313323 104.14173105881622
6517.487430185552 3228.0476154217276 100.2255240128204
6521.086001176162 3479.4714647466544 103.21475484049178
6524.684895490222 3233.901961246712 99.88855261179728
6528.284064823405 3289.000580762842 100.21387341868713
6531.883567504834 3212.9706545733297 99.40701382814332
6535.483366972603 3321.286438767543 100.27915588532744
6539.083508363416 3456.8207456193645 102.07543534776144
6542.683907613548 3091.374416274594 96.38433832290076
6546.284660428684 3224.165278994267 97.77500540918044
6549.885660998973 2910.381942102794 93.13783780198554
6553.487025036385 3225.713455579021 97.17614819584045
6557.088636385936 2887.955598869829 92.25239102771711
6560.690545379732 2542.980817425958 87.2714209877507
6564.292761717645 2501.3647364439726 86.88563550910867
6567.895271220267 2675.9207115477793 90.1821893956425
6571.498144596563 2794.8266740865856 91.39293113300913
6575.101263721378 3112.2110795193958 96.70607992815043
6578.704719931566 3003.64976653606 94.807973161079
6582.30842005743 3286.01337653902 99.28225011421439
6585.912463855485 3093.5443510181776 96.69667974209129
6589.516765688211 3116.1471665738572 96.84414056235923
6593.1213986466355 3098.2820019094193 97.00306552473815
6596.726261655452 3065.4911437467817 97.02445392430698
6600.331472391478 3018.715539606801 96.67796742952689
6603.93697850896 3219.2196877984074 99.50911477632745
6607.542777028689 3039.2797199448987 96.97190442816135
6611.148826352825 3258.917538212531 100.34878700722048
6614.755227685126 3190.8497277586503 99.5008061359515
6618.361862690391 3460.835661262123 103.34903482422902
6621.968853802743 3338.6230852595486 101.37177282828634
6625.576035906609 3173.841695477026 99.17499381281131
6629.183583405267 3401.6515215290174 102.65067847080205
6632.7913842370035 3130.4429010760437 98.35987926840683
6636.399466798425 3177.22152355432 99.51583710079376
6640.007844155379 3357.510994596252 102.03477999569091
6643.616536007092 3404.916336670339 102.2295572108227
6647.225460408723 3096.4584232094126 97.84918108001418
6650.834730778315 3190.7433599528435 98.89299174969666
6654.444222614821 3244.717097821705 99.62972826998553
6658.054040958211 3017.6422024252633 96.01648975785874
6661.664107589374 3238.4986275386145 99.29115333235548
6665.274525569753 3202.1619391678732 97.92112542675005
6668.885142085948 3102.3798258718684 96.38046849344273
6672.496075833846 3149.175925184781 97.35032729557769
6676.1072859546275 3290.3902506022637 98.80160391690305
6679.7187882987455 3146.8010807852947 96.73739823105157
6683.330547362824 3240.1131383188444 97.60365539167645
6686.942591458111 2971.2940835291397 93.77009713497387
6690.554885130072 3236.8439509105233 97.62394849693784
6694.167507107063 3205.23227395779 97.03740519806706
6697.7803708589845 3266.9165284639666 97.59843515209538
6701.393564761666 3005.2588672382535 93.38506680431071
6705.006923398467 3092.2454034428956 95.13300648670327
6708.620665526778 3144.3439574443496 95.49059866199335
6712.234598249292 3070.7336629882543 94.40714885893101
6715.848870957538 3115.3754648928407 95.08259905297345
6719.463362553188 3205.6549750615723 96.20557104480336
6723.078178498686 2940.632943351325 92.09126703963624
6726.693193347116 3051.2295736680016 93.89903780788607
6730.308510833154 3033.6584938603164 94.32643422398891
6733.924120138546 3055.042377591157 93.9953556438488
6737.539990294667 3112.8011915748993 95.11509027504438
6741.156100778922 3095.6308445875407 94.9313243934105
6744.772516256516 3152.7286912309896 95.78517817264652
6748.389165794559 3030.5416878880883 94.08073023874391
6752.006131406638 3162.017350718972 95.73631716136862
6755.623322576005 3058.7114444379836 94.11500805573546
6759.240772414335 2962.709207154257 93.14476585557541
6762.858474323529 3045.22606271711 94.4468727587999
6766.476487160966 3034.3730950045874 94.2055047365077
6770.09473919267 2982.1745696222947 93.21402857014301
6773.713255772783 2895.377477986697 92.23036097259931
6777.332030590698 2965.161591900519 92.99077398675944
6780.9510795499455 2901.727017015021 92.0915242940097
6784.570363208207 3060.8267370921412 94.4703598296211
6788.189980510802 3064.925561327652 93.92178387409118
6791.809772558333 3019.583581559856 93.52322177312381
6795.429872390503 2903.9332320610583 91.56694398547857
6799.050193871999 3113.458235219274 94.36963747908788
6802.670796476847 2965.7709617642413 92.48154986948617
6806.291650056491 2908.7745082008078 91.07416557112448
6809.9127734621625 2916.0487495987736 91.24194716089058
6813.534126615273 2919.0910391373127 91.17739256877884
6817.155778815465 2975.81384924699 91.92580540272922
6820.777606953847 2982.025297786096 92.46204527621651
6824.399750736143 2965.752301707854 92.48098760848004
6828.022113919039 2839.6503398130826 91.32097889782482
6831.644756930783 2948.3828570023475 92.75256944560844
6835.2676391942 2883.7014925923863 92.21021102040974
6838.890802374803 2996.083530713395 93.82775925984997
6842.5142223476205 2929.6560409115186 92.52191112458766
6846.1378827122235 2908.539573958351 92.5465102780123
6849.76176871859 2883.1086114872096 92.70601451479122
6853.3859295411885 2929.8828132240847 94.03411461582944
6857.010293475615 3045.3154509163032 96.99387736034221
6860.634916306194 3091.6431504494285 99.20313817963059
6864.259820091518 3026.7160050373836 98.85523579599463
6867.88494194879 2811.5282977080615 96.86466756487845
6871.5103334101295 2696.464279904961 95.44182467078896
6875.135956830302 2582.6679975363586 93.32094938440788
6878.76183043251 2771.053238964747 96.80047350432238
6882.387992296963 2923.583592528258 100.40963375843839
6886.01438531728 3197.808794734473 105.19992695212044
6889.640993231993 3146.1923144417015 104.57716648002847
6893.267808795528 2909.9726791043126 101.56759044127831
6896.894916364969 3138.6725666790417 104.7388247326552
6900.522257519481 3061.4411901186068 103.09472399098543
6904.149839478679 3105.4448867900924 103.45055832607355
6907.7776610883875 3196.1649536783975 104.35367422833475
6911.405748227491 3322.7646261474047 105.6498608774215
6915.034056298342 3178.7374273241485 102.14227528755065
6918.662532904678 2958.8364127656273 99.01435775419948
6922.291357778338 2951.6707399397806 97.3614730069525
6925.92035649298 3058.2438398476725 98.59812279895024
6929.549615029884 2834.50782157642 94.27250611385638
6933.179104130563 2881.914142350619 94.19599757745195
6936.80886457834 2872.1729285140054 93.16660993274141
6940.438799210383 3032.2588145153118 95.14281419108838
6944.068979259195 2964.2973218401253 94.1290360449201
6947.699423807337 3026.3590304987724 94.21713033536977
6951.330125695758 2920.514265352259 91.93942780547914
6954.96100363887 2961.9716218469475 92.29000789927778
6958.592186160592 2822.773171485426 89.43065014671642
6962.223535357984 2662.3834380193125 86.57261848306862
6965.855147857501 2792.4455833838547 88.5514366606089
6969.4869960504675 2750.200557603888 87.30523043331831
6973.1190396062375 2729.9683907185695 87.18596125745589
6976.751351297335 2635.396257761783 85.4805250742438
6980.383893814767 2703.2882182235526 86.28065134868403
6984.016637785146 2665.998443736327 85.92743628366135
6987.6496675485805 2591.5866832848474 83.98982439281622
6991.282890955007 2643.815859581028 84.89129475346036
6994.916305908096 2727.4957945170054 86.36784529268174
6998.549980327275 2676.022558088912 85.62888448400211
7002.18389506688 2628.744489754311 84.58736545381468
7005.818027413129 2670.146093127015 85.14563302247242
7009.452384902586 2613.0140322261536 84.24670934085002
7013.086992455136 2568.0140948617823 82.91596649167036
7016.721783991491 2693.3053114884124 84.90023875354976
7020.356829516815 2592.674220813923 83.21688066646247
7023.992103440426 2632.1423026163015 83.07905171118634
7027.627580421953 2693.288321413622 84.15843838736633
7031.263299369068 2568.911723113284 82.010085240908
7034.899217267756 2591.0306157925256 82.46078831460103
7038.535348182516 2460.8096351140266 80.76660296470034
7042.171741056866 2603.4159899748993 82.63290519778973
7045.808335609193 2589.1403484095545 82.4892209076574
7049.445141772887 2619.1415483244764 83.06730960824767
7053.082177478558 2575.700924317382 82.72599042585018
7056.719434650588 2648.4576984855917 83.91323152512956
7060.356916815687 2475.675897187466 81.57956091156369
7063.994614122292 2501.0649480843226 81.59737048249578
7067.632552551425 2513.5647990660636 82.16031733031537
7071.270671164932 2640.920150551741 84.32885225834688
7074.909036342591 2520.9574285863982 82.57104245178088
7078.54758610354 2615.306840702091 84.10683793018984
7082.186415429812 2585.8414071495813 83.70565033884955
7085.825367902862 2621.6958536347393 84.36797066030245
7089.464622817106 2560.837206564718 83.2341158670757
7093.104013936694 2317.3585035199903 79.3467789912997
7096.743691254246 2411.5292601890133 80.29053273483242
7100.3835414822 2484.7404054429076 81.022287174573
7104.023645297164 2492.661993849012 81.41309705690648
7107.663954469282 2623.6353667569742 82.8210555665469
7111.304428648787 2639.58644729944 83.27638546282262
7114.945160601998 2444.0400376204343 79.52729518579858
7118.586095995776 2528.659845631513 80.99118801283417
7122.227236707129 2497.3308840000495 80.40909517704218
7125.8685901781755 2434.9796589276666 79.33290652185542
7129.510113655949 2542.156513177631 81.45217486077419
7133.15195941741 2532.270388374281 80.46247043989402
7136.793924220212 2627.34254304626 82.1098334028847
7140.436135164054 2382.9250505089044 78.33506234677007
7144.078518057832 2387.0767002403486 78.4999506640407
7147.721146023534 2393.4445527407343 78.5765565993897
7151.363954299989 2522.412887011185 80.54473144821343
7155.007016027767 2408.4060236699343 78.53987874137302
7158.650229499304 2459.0487228420825 78.9650863805481
7162.293675251743 2490.9483618449276 80.08305156012591
7165.937326240995 2548.8198879827964 80.76174447580989
7169.581206042992 2351.2271489768714 76.93081315948892
7173.225236489349 2295.520998587326 75.98685797714187
7176.86953283245 2279.8066301335425 75.57735254960261
7180.513990922109 2397.7391963003597 77.55967564498641
7184.158682981591 2171.08731649356 73.40242174386792
7187.803536377629 2206.7461989476933 73.65339560657586
7191.448656103791 2137.593644953433 72.56343884104209
7195.093931424955 2172.0002934403074 72.81703361554516
7198.739462871584 2228.0852853623946 73.26597958820203
7202.385093130885 2000.018832279963 69.37534896795437
7206.031013148624 2009.305588294702 69.22901258703551
7209.677132394768 2240.4878906821928 72.66630012999578
7213.323450476212 2182.1950071439346 71.93041403310419
7216.969944976918 2227.702007417038 72.46269461510464
7220.616670911544 2167.860534820081 71.57900162118139
7224.263554005547 2230.45838567582 72.19134463963131
7227.910675794002 2183.6334738921564 71.46358550313396
7231.557948062899 2130.514330277115 70.95489394749374
7235.205409737457 2096.7404345878667 71.44440646679487
7238.853058071178 1971.7976713949577 70.34214840482394
7242.500975415485 1972.6362888480303 70.19112053452585
7246.149058173334 2048.6093485885485 71.54524656420902
7249.7973754513505 1954.819055736546 69.5854703531952
7253.445859220051 1936.7724306119296 68.62479110346922
7257.094660579165 2277.284855035065 73.04730677439905
7260.743507361294 2094.15337284019 70.15743998101942
7264.392576321223 2051.457576781164 69.63533297265802
7268.041845315728 2091.3382330461727 70.74379938956261
7271.691260308737 2146.851063462545 72.51470189338293
7275.340938778213 2128.6632347735085 72.45936646995507
7278.99078234067 2093.490668531463 72.47273329815091
7282.640847737895 2165.33006388094 73.55519175497126
7286.291121849964 2217.068102871765 73.36525314573277
7289.941586531459 2206.5544280925083 73.11855114037715
7293.592232459238 2131.0653648220405 71.90732309774786
7297.24305884616 2200.32669489818 72.91927225022945
7300.8940731837965 2190.230898136239 73.00198731270389
7304.545254210775 2200.9048260501836 73.57836036619041
7308.1966365714125 2191.445817237338 73.64799643638074
7311.848195025972 2088.9300331785425 73.147693017297
7315.500002436451 2259.174202152195 75.30365011943114
7319.151964925632 2139.0521116161153 73.44834286206722
7322.80411492759 2187.517859484231 75.18216177727464
7326.456533308351 2318.3416345573855 75.799676116088
7330.109074645717 2265.532159615738 75.04917695646188
7333.761751053225 2295.8229833142295 76.81707780237389
7337.41464563686 2134.296040980636 74.7528060008142
7341.067779289564 2254.544032738611 76.11347000241375
7344.721054050568 2195.293787391558 75.40192981375868
7348.3745547405515 2328.885505453218 77.32658177435053
7352.028268587659 2143.77148680552 73.43414222624708
7355.682108313388 2307.5054803057164 76.21622574968039
7359.336168332834 2146.476055171622 73.79995243949843
7362.990316961116 2221.6611412601865 76.10417078045678
7366.644770982997 2200.9633955261393 75.48698752166872
7370.299337427064 2241.0365812754703 75.6947712863372
7373.954153802012 2085.0233694913313 73.28362675082715
7377.609110927368 2039.4953141301235 72.0920280735195
7381.264326677954 2214.828689465719 74.25390560931393
7384.919634359595 2208.4992615792103 74.32441187911064
7388.575168903704 2147.1245972697725 73.17050853694187
7392.2308516768935 2184.2569879943 73.69345568692735
7395.886729845613 2164.0455243322444 74.27262494600555
7399.542794646351 2403.0379765505945 77.54619491588102
7403.199068478035 2232.284483305324 74.68811460677557
7406.855481797598 2315.186702816392 75.62529054476741
7410.5121374400505 2105.9631397955304 71.97744229501266
7414.168911555881 2126.5189946188734 71.85395298717037
7417.825915974115 2066.6512471715832 71.00055491533345
7421.483031727264 2041.8048645191093 70.21899831233614
7425.1404251873855 2158.1693256904723 72.05241528553591
7428.797908611593 2095.671221793984 71.38202763147886
7432.455634451107 2134.2666961338177 71.75036567515524
7436.113485149606 2100.992076528688 71.72209187840404
7439.771558465611 2279.3483916483356 74.47517135153775
7443.429791782502 2175.388212152858 72.97824296024048
7447.088222319657 2103.32323110589 71.45263189685534
7450.746824039998 2129.5139920555257 71.56879395336557
7454.405589207622 2065.620790119727 71.08305907596535
7458.064529175918 2151.2797696269063 72.86155102790075
7461.723665187546 2173.5511571624693 73.50783324289638
7465.38294900235 2007.740946807145 70.83003395162612
7469.042456520277 2123.6733452652024 72.3026944940179
7472.702105024263 2200.9181026846104 74.00232443794532
7476.361941507781 2088.918166523205 71.9233152280277
7480.0219383373815 2073.3180397398582 71.80912771068124
7483.682135847219 2004.4783787504887 70.2201585800241
7487.342503092052 2125.365245840951 71.87092200408964
7491.0030559815605 2044.344747794356 70.30825136808896
7494.663764853022 1946.2067182839812 68.20196864265382
7498.324669069996 2226.7332659983354 72.73604893683304
7501.985721344891 2045.9550536121044 69.72619023765247
7505.646953693247 2088.679599339755 70.17646687961641
7509.308373281493 2102.457536283707 70.34643194207969
7512.969948851072 2068.54771791718 69.89910682543851
7516.631673499237 1991.3678016969006 69.72480206521182
7520.293582992749 1977.1429518539858 69.83482068628969
7523.955676372648 1977.5783199345224 70.4333065907842
7527.6179657582425 2046.0161505843594 71.10093966597113
7531.2804295713795 2205.4828864593974 73.69393432615358
7534.943059871243 2024.7614391964842 70.14853990185819
7538.605849978938 2036.5933347767666 70.24408445867135
7542.268836935806 2117.1264102918103 71.4279887214294
7545.931953681307 1979.879079922885 69.38482534268572
7549.595261552934 2014.186952501369 69.92254892947668
7553.258730930176 1998.9705593302454 69.68366607612498
7556.922383505471 1983.0635809783014 69.24921885906748
7560.586186294822 1989.1063966062645 69.38803377939797
7564.25014345637 1928.8364249839417 68.94376299413351
7567.914316014361 1961.5063767992349 69.3644439080034
7571.578639292758 1870.5261850251563 67.9861097492462
7575.243142614882 2055.843407931369 70.44105419605427
7578.907811138962 2096.290608093533 71.4421054494885
7582.572619478808 1927.1002215214955 68.1463337583593
7586.237645749404 2068.640019176778 70.05093342424536
7589.902825565874 1753.485848012014 64.48568953649904
7593.568113788692 1335.717194894411 56.87660352395648
7597.2335302841275 973.1718578585313 49.010426296633334
7600.899189823342 745.4225424634659 43.67995904615134
7604.564858518984 618.5197072673608 40.497583038760474
7608.230720339294 548.8547665856568 38.343490724612984
7611.897183511373 1044.2348533195102 50.72165896254321
7615.563512825794 1217.1820232746475 54.39667719224477
7619.230057969604 1185.1232051689983 54.663639392775565
7622.896775152405 1325.6776274079814 57.321909834758586
7626.563532008766 1091.688187120029 52.27562329208257
7630.230587785923 906.8675075343017 48.061908898736185
7633.897696908545 1045.0420398572533 51.44156474798573
7637.565017047123 1223.534358472229 55.080310247880526
7641.2325372288005 1187.4353211491523 54.2369320657284
7644.90025398936 1374.336357291281 58.442157223774636
7648.568174740073 1533.951621544211 61.469224039001446
7652.2361723244 1580.8747642637297 62.363487675544725
7655.904323370005 1649.7256388604287 64.13270836286567
7659.57264530841 1646.3193989582644 63.90185576289365
7663.241135072482 1721.000106225051 65.23567802614134
7666.909784790357 1749.3275975895478 65.64954977198056
7670.578608543464 1833.6409082024106 67.02334351370206
7674.247586069232 1807.4504151363963 66.63914713892538
7677.916710986309 1934.1104230425597 68.69925063479579
7681.586029488702 1831.5020071270246 66.83920165556209
7685.2554706164465 1939.6125600652665 68.68063193210473
7688.925074419982 1827.9216972537774 67.38503345419814
7692.594848647996 1908.023925313865 68.5104960296991
7696.264828937765 1937.0885751287437 68.87096480983101
7699.934931243536 1827.7491044274466 66.7752426922072
7703.605175772304 1882.8682572779583 68.15104655446856
7707.275584577666 2023.0197004457323 71.54539113080186
7710.94617001654 1906.425273440815 70.39790950806122
7714.61690245691 1872.085540261415 69.82571344038313
7718.287855803087 1929.0216185281674 70.5440170301754
7721.958942965561 1906.908510738139 69.19166901761129
7725.630205050921 1950.4611979245879 68.58495635531703
7729.301593619454 1811.3247011351573 66.09898127294272
7732.973197852657 1896.3223425608753 67.04839279704296
7736.644931169812 1849.6294473741125 65.93508154712728
7740.316726983433 1800.7457893509545 66.14959090624488
7743.988740566606 1826.5070561611133 67.63823223095295
7747.660967606582 1988.471425232356 69.84364338321583
7751.333292525171 1819.436604909076 67.9822070221373
7755.005825446875 1881.0430050980824 68.4170191839346
7758.678545118438 1809.5978028664133 66.32259359393824
7762.351357865111 1841.761526941091 65.92932306254463
7766.024352525344 1767.8935342554364 64.74367222449622
7769.697479565999 1735.3871113207927 64.17062228691557
7773.370827639936 1902.596439343334 66.54710160856648
7777.044294466456 1792.0994540030974 64.64025727614454
7780.71793995538 1815.8879438178315 64.9153693332997
7784.391692051644 1707.406288636201 63.93844133939496
7788.065636428215 1795.6645074559656 65.49882256051218
7791.739740083964 1741.531495500958 64.41995859255137
7795.413992382152 1781.3016364073897 65.14208398926287
7799.088392202474 1720.447285232009 64.41823451209251
7802.762959619133 1783.4408533832961 64.60073595798593
7806.437715939272 1830.222574917699 64.98005070226395
7810.112566944152 1729.2675455138547 64.16568925265946
7813.787598540172 1802.8173644000606 66.17952501642276
7817.462798550452 1828.909843287329 66.6379104423464
7821.138143468132 1685.7910086076254 64.18801053938414
7824.813671482715 1894.7233113978236 67.69644301617302
7828.489412333933 1773.7721039510157 64.03458554391133
7832.165177938478 1698.2863298269674 62.89127021447289
7835.841149985898 1747.5625309410318 64.23450565495655
7839.517260978859 1742.2247575906088 64.3862900437137
7843.193567348937 1756.051260004602 65.5400472229146
7846.869964760855 1774.1708442657712 66.61200192483118
7850.546562146485 1657.28314917659 64.80943967675121
7854.2233113228285 1851.20527052823 68.11989660343094
7857.900266604126 1776.2762369372358 66.77053971607741
7861.577322776633 1681.7043768973308 64.20082845637502
7865.2545988810725 1808.9360127870118 65.8319945633797
7868.9319506678185 1700.1227182294176 63.85231227165593
7872.609487462607 1713.1171052148493 64.15030172490611
7876.287143524387 1655.7438071251772 62.53405477794913
7879.964995235946 1608.2510068363133 62.1283172987721
7883.642981898728 1617.0253456952598 61.790601881156434
7887.321161335556 1627.247948352497 61.16880329678758
7890.999429950863 1656.590488396706 61.78753250366896
7894.677909377414 1625.3906474526982 61.127290829111146
7898.356562098013 1754.8902925623142 62.74753378994747
7902.035271957288 1669.6108944710518 61.919832479057135
7905.714152422554 1804.7459695164657 66.10512516967381
7909.393240064958 1680.5736270851905 64.47920978382028
7913.072413153886 1719.0047740393381 65.39921040952242
7916.751838306295 1822.1554731177873 67.33541484624143
7920.431407882433 1715.7430476898016 64.24545297642884
7924.111076344121 1641.6730458990469 62.7754885084408
7927.790915722118 1655.6476960038888 62.48834898892703
7931.470926736975 1791.013314884637 64.55106655838891
7935.151083104499 1672.4962759391594 62.55943448108342
7938.831424700528 1641.821438930181 61.749579887054836
7942.511855860657 1646.809803543312 61.85624466008667
7946.192443107388 1455.3469848679504 58.59193192354911
7949.873192622058 1716.7877670292146 62.94977536748576
7953.554066644372 1589.623147772808 61.84614111512545
7957.235098849411 1610.7948668978152 62.458286059156706
7960.916342696452 1573.7032283026147 61.6433609979279
7964.597709251046 1672.8904100019975 63.08349493516129
7968.279267988429 1742.2442851238702 64.1847440578375
7971.96089791904 1614.7467417540154 60.87266084295447
7975.64279890537 1606.18276753852 60.28245775210212
7979.324710358313 1680.0634829167439 62.15330018719428
7983.006843230005 1648.0611153377115 62.276121415991845
7986.689081384005 1674.0434127282424 63.523858683885244
7990.371540268212 1613.409642517624 62.24876929898485
7994.054117606666 1663.3517137604479 63.14560790103179
7997.7368789134425 1599.1598171945968 61.47875992029197
8001.419808215855 1546.5672580606588 59.43535409302322
8005.102819603784 1556.8763483487053 60.582665387374576
8008.78601053019 1592.9515775865775 61.2402725416267
8012.469368350702 1637.5804424980756 62.10050919533468
8016.1527942111425 1663.0370104135452 64.05079621010945
8019.8364311791765 1560.5406200737525 62.08040363809322
8023.520201883612 1576.626319081029 62.61480490367067
8027.204186134829 1601.6552559846946 62.95706358644336
8030.888281649122 1635.2388981445802 63.18210993600552
8034.572632820421 1525.4678507591796 60.44333644926258
8038.257029165313 1634.1259239064393 61.88281665001367
8041.941577499889 1516.6896979107482 60.01842928138551
8045.626193595553 1591.9139031772372 62.103960614041064
8049.311145874098 1546.2910605321808 60.82647062265049
8052.996035509315 1696.987174824212 64.11461504040906
8056.681283179518 1650.2164558080688 62.81932210534912
8060.36653265822 1516.4255797059677 60.51196706371031
8064.052005605697 1610.8549317756492 62.57604486273751
8067.737614203348 1448.2955185807684 59.1461570084037
8071.423459691629 1572.5254754060065 60.770708970166886
8075.109357579658 1596.5243527347623 60.80955890080061
8078.79545097084 1633.9697571278903 61.51351868629908
8082.481609809908 1466.3788823566729 58.76013750120834
8086.168014660244 1616.0942058915978 61.21561602234086
8089.854513319393 1548.8789195682898 59.587934694969654
8093.541164798465 1502.0346467837417 59.06621763042269
8097.228014195029 1581.673670211483 60.491820986233186
8100.914965596748 1516.3298921352252 59.322773189928974
8104.60206823479 1457.6878819783874 58.232036610999465
8108.289352461814 1557.0060494764577 59.70783923721326
8111.976754237221 1498.2251444311564 58.10515538905663
8115.664366864433 1639.2109509139495 60.92074104331969
8119.352075732034 1479.9968721216082 58.39495978204741
8123.039891807741 1404.5471088884667 56.929845132986394
8126.727978103571 1551.0267377182674 59.299197666023076
8130.416152180865 1547.2415869304602 59.48903434950287
8134.104461964485 1473.0561857943112 58.161491602935996
8137.792933993758 1551.6229732740587 59.20667186256185
8141.4815618753055 1461.1743032380473 57.42587968604196
8145.170302379881 1429.5623217682362 56.57086900539173
8148.85927538087 1486.6358576808182 57.72341112240415
8152.5483121528605 1392.7756566272524 56.223244407846565
8156.237606141805 1571.3126689836618 59.25653342306684
8159.926921377586 1335.3086039807893 54.79292826269991
8163.616443618715 1351.240858589162 55.14108243211932
8167.306152719633 1340.615336951815 54.781194470211304
8170.995938772761 1271.1688770816459 53.85365213727314
8174.685978685614 1371.2801184233956 55.71029468401524
8178.376088837747 1329.025378479632 54.82457098553739
8182.066385810706 1315.3357112794354 54.65162332198229
8185.756815046126 1291.4978094349228 54.45909006131138
8189.447419663459 1329.4681092856652 54.96910176469735
8193.13818167885 1390.4528317595843 56.56328350492235
8196.829054929396 1296.6132283049155 54.48361578900488
8200.520092353525 1357.210232002212 55.52413795261245
8204.211334296526 1501.011080224762 58.308573286670864
8207.902663997858 1421.7684656908996 57.37779275180101
8211.594137494372 1335.0503775556958 55.83299993616677
8215.285793436255 1384.106882053047 56.83729259360745
8218.977598200934 1370.1155431290952 56.78346250528721
8222.669550898692 1464.7146927677 58.32763883244848
8226.361628909352 1271.6940269244276 55.183930332255386
8230.053888977749 1427.7807410093533 58.29141648047316
8233.746355955544 1561.3128425955363 60.82110186658653
8237.438875018363 1438.6862126226795 59.11161630525467
8241.13159069765 1436.0275846239483 58.88741835092997
8244.824436277851 1403.867457644928 58.61518596887906
8248.517474805354 1527.8646553699157 60.73033234726489
8252.210597878551 1372.024334224287 58.274994592062455
8255.903931100627 1417.5373178163127 58.798034489917725
8259.597417580993 1517.6489368003286 60.85664599695951
8263.291016107622 1394.6103939835493 58.64590177334769
8266.984795530092 1484.996850357072 60.974884988801946
8270.678711321318 1391.689571479578 59.43298138717588
8274.372679990167 1382.091724243203 60.95732755293395
8278.066956821369 1375.953524150185 61.188820843968166
8281.761336506375 1439.227094086153 61.49246234473246
8285.455837378815 1308.288010718549 60.20531002684675
8289.150462505639 1232.8478890450344 59.00785389181964
8292.84541325719 1485.049880182311 62.42974341922179
8296.540354189181 1345.7653573665511 59.79408640597652
8300.235536260683 1514.6850284436173 63.37512397698665
8303.930920682771 1536.6574015712224 62.01483050422475
8307.626319268242 1388.9361690140854 59.10712962683183
8311.321953255165 1477.9308711101626 60.64412610250926
8315.01768921343 1377.628395524305 58.61972703383255
8318.713605216144 1368.476583560604 57.53813326898539
8322.409679892946 1522.3056311242567 61.29157867207963
8326.105885095874 1348.7982058254595 57.77079848285116
8329.802159759107 1328.2961399688904 59.0356676820843
8333.49860641452 1330.434926585994 61.96282886926725
8337.195251101954 1324.0597076749757 62.06755132490574
8340.892091798984 1433.322030096529 64.63776217690699
8344.589066105349 1309.521554231913 62.10509955512037
8348.286320729316 1383.16092278032 60.580597163474906
8351.98362620497 1400.8664862865658 59.438124540684484
8355.681111808002 1329.3260763961177 57.4358242821191
8359.378723881533 1366.4309405307094 57.340260834555835
8363.076465665794 1365.1317115240056 57.40350475594315
8366.774393715586 1416.9707457220975 58.21419342235134
8370.472426477441 1334.9192123699636 57.09161858679746
8374.170613757262 1406.4525849155789 58.79874633023334
8377.869041203301 1434.372133835154 58.876913321185675
8381.567529280923 1446.5745502455666 59.40805206422932
8385.266168733375 1336.402334665419 58.43943633744904
8388.964966668422 1457.1009607239348 61.93669794633114
8392.663970781097 1306.3069324694338 58.99519003115749
8396.363093893262 1435.3044016397105 61.327277031622955
8400.06244829783 1314.5792644794208 58.87104231733835
8403.761854624601 1171.5257972707382 55.25920588679003
8407.461541552024 1330.329657941722 57.648023899711774
8411.161297698925 1379.8127820064544 58.687034090733874
8414.861204351344 1315.2628627508443 58.54303669854635
8418.561202834026 1384.0465015708558 61.439565483323065
8422.26147534049 1358.5302906660897 60.53931266432209
8425.96181761345 1301.7767509534294 60.02864100095205
8429.662439091324 1372.7222963150532 60.6395374123609
8433.363203641802 1478.7616039140894 60.61744833077572
8437.06409723912 1368.000682435086 57.80573824881881
8440.765032282015 1295.647676344443 57.1443870531257
8444.466259331943 1416.5959804117936 59.53609233320171
8448.167527726111 1239.336906703381 56.5848570996009
8451.868968405684 1247.4778436449924 58.53380649841319
8455.570629216141 1340.1102766833435 60.25008071023903
8459.2724546753 1264.4645740487508 57.9648706302574
8462.974403566895 1432.323565146171 61.56448730000019
8466.676567694465 1312.484695322245 58.36006247041317
8470.378863357166 1348.3709806649028 58.07702744450732
8474.081348693791 1254.938492157315 56.005639807133306
8477.783879624307 1372.3566963163712 58.88512451178365
8481.486631914488 1274.172073009194 57.902702309589706
8485.189480377901 1212.0078586754635 56.585394601779804
8488.892583633415 1335.2844510330199 59.84330652734757
8492.595776728862 1278.6370394238886 59.22014540714129
8496.299198831479 1295.2099126533258 59.22811676846785
8500.002731801598 1370.4574554519736 60.96126220398143
8503.706456890199 1288.9888127029162 59.38388075062876
8507.410352120087 1421.9837466163758 61.185391151502536
8511.114385646926 1263.1799716525254 58.149034270763664
8514.818508766602 1327.3345140210554 59.53835533005346
8518.522922020173 1393.0308830202225 60.88099004733793
8522.227384797294 1292.0574318541658 58.31591247144738
8525.932116214444 1290.026544337451 57.74254220657035
8529.63686699619 1195.9724072235003 56.2662532592063
8533.341846309107 1115.228970365197 54.75475987016088
8537.04699806673 1340.09146596875 58.97754489735269
8540.752342995596 1199.2086801525106 55.84082264721058
8544.457761873144 1204.3922545786415 55.66922154637875
8548.1634754399 1226.2664077355732 55.51321341474425
8551.869237101586 1282.3841624963352 56.03642837263532
8555.575072700292 1155.163040304404 53.07490829422655
8559.281287207874 1341.6610099112645 57.32851140838552
8562.98759979463 1216.1538921829228 54.7856337066045
8566.693996941422 1351.3293266059118 57.186000854385156
8570.400624256328 1075.8355595919522 51.1741389611138
8574.107327556188 1242.8778674899465 54.79815510451971
8577.814381132064 1222.8317610717418 53.97476769471915
8581.52133540858 1185.9550344665113 53.44385136211889
8585.228697005685 1237.7763269529567 54.32156496124816
8588.93604586181 1267.7154352090192 54.538413424066675
8592.643715945425 1126.4318175291576 51.66226791430627
8596.351353143502 1151.034548764297 52.586517774344436
8600.059313586798 1126.578988982965 52.27984847594621
8603.767322922591 1156.0605817803723 52.66065612973969
8607.475641325875 1214.7355035745748 54.23669930551942
8611.18398483039 1138.720690993871 52.655881639955055
8614.89257802087 1124.6114281365135 52.65538281780786
8618.601241980965 1140.6614078460636 53.51424977601901
8622.310192785726 1177.0930588123274 54.704977861094925
8626.019231797876 1254.5297995177061 56.42611726549541
8629.728509723984 1318.5072743551302 57.80697869841663
8633.437882233875 1310.2592113106716 57.914006410439754
8637.147483452813 1182.8941201354592 55.08375687373266
8640.857159574089 1135.1676539001749 54.26455358218897
8644.567069959388 1290.1074357875934 58.11242873478603
8648.277102098793 1184.001156328257 56.40216802199443
8651.987363473198 1218.7846254434917 57.11129871734333
8655.697721279414 1055.8208826954433 53.89590529941848
8659.408274056257 982.6500900816496 52.0830476639945
8663.119046130616 1218.9485601163644 57.33351048496741
8666.830019204028 1198.297799106029 56.268605229411214
8670.541102636453 1334.2791877361817 58.84397071207667
8674.252305875418 1133.3979534675225 54.45120163066234
8677.963724764642 1239.141679656554 56.52279310621557
8681.675352686532 1305.965311543813 58.263815826263624
8685.386975784688 1060.675792096256 52.85376423416644
8689.098974661956 1188.9218292440721 55.66165634765614
8692.811042055751 1195.9566950403384 55.74093787854891
8696.523316466708 1084.415741887278 52.91739342831221
8700.235729792486 1302.919106864701 57.718610188672805
8703.948380908767 1153.9731989065058 54.17922095051527
8707.661110464811 1134.8257757031738 53.480007595847326
8711.374074496405 1192.7491136416452 54.948122409094815
8715.087183607036 1180.2679865991408 53.90089726967937
8718.800460371986 1135.0296337063094 52.879644292632726
8722.513942718917 1153.1128811946924 53.3743417102414
8726.227346863247 1000.7937385656498 49.82206130505177
8729.941330646443 1122.1410473065548 52.867100388699086
8733.655220993829 1116.0713093939046 52.21562464622765
8737.369474634117 1194.5780123080192 54.11002843939008
8741.083781886227 1117.5020934019167 53.620171583501026
8744.798125899857 1166.6426132608856 56.075483642431095
8748.512823013683 1179.070658149408 57.796468135198985
8752.227582082678 1040.1881157575217 55.7682032856979
8755.94263503032 1184.9083432396542 59.37966177623747
8759.657780712701 1220.040257435506 60.9563701246439
8763.373192842027 1120.6921382808382 58.66917747442277
8767.088706902758 1116.9237621640832 57.75526023037966
8770.804491823319 1107.1087936070257 56.98512217886253
8774.520346201169 1115.5420980516594 56.509707795412304
8778.236518739734 1108.581471212454 55.048503753208834
8781.952746623292 1072.727389173931 54.11354347683828
8785.669207050272 1065.2748341062324 54.00871926948412
8789.385770845667 1125.0362902123136 54.363771397663875
8793.102591576297 1150.4636490191194 54.881705990558956
8796.819388558064 1045.952834868581 52.49411393230197
8800.536610462808 1069.21760837499 53.299446941408355
8804.253907969693 1059.076555522401 52.98418594439861
8807.97135946028 1221.0413873617845 59.243261548715644
8811.688923735326 1103.5723952919877 59.66214127444356
8815.406734696173 1111.7884841865566 60.345688751354395
8819.124740032272 1071.3566263234466 60.728850547021146
8822.842998903814 1230.7802988202718 62.685940542198196
8826.56148892177 1035.4662168836253 55.325766473523515
8830.280023607864 1154.49596054443 57.14981585077053
8833.998908560809 1104.460985854142 54.89530988590103
8837.717729563657 1078.8784446326483 53.46185188043251
8841.436988055159 1092.3529381145706 54.4094184063245
8845.156130548934 1077.2698883422222 53.915900684006104
8848.875710563667 1097.4951006946008 54.881605000378364
8852.595322960737 1106.5117030712318 55.654045857800966
8856.315159747142 1125.010131385716 56.737890071929414
8860.035104295259 982.4619647033117 53.329192820857145
8863.755391540115 1120.5130531866575 56.663198278624385
8867.475659446402 1093.1870103092676 58.470744199221755
8871.196179342654 1010.6833663862512 57.83423514398433
8874.916941891677 1042.2968336449997 58.207279393474906
8878.63789081076 1089.8317420674011 59.36096040174795
8882.35903566682 1111.2316582929475 58.47016282880038
8886.0804183196 1008.4300942840065 55.09552226363569
8889.801877657816 1089.722081143997 56.58861862270815
8893.523619930225 1120.6960552130038 57.04976608247079
8897.245387912053 1035.2445605652129 55.92727942991022
8900.967404650795 1063.3097148528616 58.173707608758086
8904.689599953763 955.9646196716653 56.08549905236091
8908.412080863005 1148.4707027410598 60.056283197592194
8912.134678737359 1052.551132117959 58.00807153330736
8915.857507361221 1098.8371880392708 57.329236506721216
8919.580492175457 1119.6677273495645 54.99336656385765
8923.303697552104 1039.4100779235432 54.233915095163624
8927.027079155014 1046.3942632297599 54.275516907416126
8930.750514084284 947.4756729187046 52.302883377102184
8934.474439744634 1029.236077900289 54.770832277637155
8938.198261730076 1102.3726875483703 57.938141440118564
8941.922338461163 953.2961101592033 55.53760767936848
8945.646715896179 1103.7439491580822 58.279743962099495
8949.3711689294 1019.8549957628915 57.39335645640294
8953.095912550445 1023.4974102808063 56.90480414502156
8956.820755655981 1093.5075767478036 56.41341184094334
8960.545682402093 991.4772026944381 54.33140331423821
8964.271055123 1063.172435141503 56.48336169628402
8967.996497274924 1034.9417670184025 56.29288521045782
8971.722342314455 1130.4893705627085 59.432387287740355
8975.44801269852 976.7031418146889 55.62461267268326
8979.174115656791 996.0388947490801 56.85650875999019
8982.900436145288 1034.5193766017653 58.974919896856925
8986.626898763983 1058.9509580904491 59.07548282606145
8990.353529162538 1057.5791869320992 58.91424380552256
8994.080379268476 1075.5456079619098 58.77243354648918
8997.80722622321 959.2794147790042 54.63365539816937
9001.534590107127 817.7809160993023 49.65363726622314
9005.261766381094 912.2885456748135 52.4489116125137
9008.98946542109 918.0277348429452 51.72782689098829
9012.717273367742 922.7881392362003 51.52880342746086
9016.445288788169 1015.8183558889248 54.10435078860764
9020.173524535514 1038.9681977220937 54.60534542263248
9023.901935899785 997.61906341889 54.00327491270262
9027.630633665463 1072.1294018634535 56.19861185284012
9031.359437551504 1024.6705282926023 55.624063504790996
9035.088381914546 1006.1734365784898 55.57343215666116
9038.817476294065 990.909719456113 54.88552677356224
9042.546871792687 971.6241876926684 55.18229335821578
9046.276490408907 966.8024666754255 54.78189175383939
9050.006231779158 1078.5802820867118 57.76615529952331
9053.736299154227 1080.8695267172109 58.77455243186272
9057.466443135681 1034.2246630557972 58.33823968286871
9061.196932621002 981.7082209154804 57.39848347365735
9064.927467619129 1031.3221483262575 59.08729748042746
9068.658392963502 1038.5506541067134 59.10412093375259
9072.38941646165 913.3299953014272 56.761534844384975
9076.120766873231 910.7767666839071 56.23398431148262
9079.852089382617 989.4674508406672 58.36007301775984
9083.583626649468 951.4853152778405 58.137271959675665
9087.315564211453 906.2986696155866 56.66037556775813
9091.047716255609 928.0062920893287 56.64441856790793
9094.779890366597 933.3471771475469 56.99574225033055
9098.512250146978 1028.287001821778 59.28714329556179
9102.244978399847 1096.9181318468452 60.4585806907043
9105.977846054402 1030.5148418506744 59.30653055321499
9109.711167580448 976.9502496466989 57.46293607749263
9113.444360420435 1017.5488067767069 58.87502218887427
9117.177718811778 1045.361731013208 60.86239994862854
9120.911431820907 996.590258856446 59.590712591096455
9124.645545560988 898.7612074690023 57.03144622490816
9128.379510520257 1105.550619270418 62.992255003678295
9132.113881816154 1087.8497205442723 62.78271587612976
9135.848510724849 858.1449805194237 57.126442908119955
9139.583129646788 961.7538452853111 60.45955711455197
9143.318141707077 975.6285016051335 60.4625714016967
9147.053326205434 1019.0970775393145 61.65458063779561
9150.788781348852 1056.0267962313544 62.512568335552714
9154.524480674658 932.4943678982722 59.247475672490374
9158.260423399168 919.5360951474686 58.17809645965269
9161.996456782146 919.8577050805866 58.34823768402672
9165.732720888893 955.6117979247737 58.896325560257935
9169.469097748048 1000.8994605136669 60.40713586885152
9173.205826640897 1000.1597482631912 60.025929359118926
9176.942669073724 960.0536315651073 59.62064004739043
9180.679795156606 1050.0798347158948 61.28898403830479
9184.417303279284 961.6172244463038 59.005113350292895
9188.154915124014 884.452163075555 57.02819839582239
9191.892464421475 1031.4347819771665 61.64490044101543
9195.630572238137 1010.0142886737812 60.598071679423
9199.368934664633 871.4439369598886 57.30621107000607
9203.107134231002 1081.1647591800693 62.66959093053919
9206.846025561377 909.9595467944845 58.714230032561424
9210.58479972337 910.561418948138 59.07050860926471
9214.324045053945 878.1604690799558 58.033432974073484
9218.063241811806 842.172235869409 56.90989872473001
9221.802923794 932.283012303046 59.605042798216985
9225.542578643097 1002.3707101564074 61.62739766673934
9229.282644641937 856.4181699043728 58.00329166322711
9233.02290469967 960.5095591801027 60.39189350359897
9236.763356167898 886.5443589246097 59.00064650188885
9240.504010281431 972.4126626123515 60.46509297152642
9244.244844609773 1031.1621957052134 63.176575245939375
9247.985924601615 888.1373987284068 59.24630186450604
9251.727257233617 894.8249675373037 59.82412030163998
9255.468608088842 776.4457976623158 56.745230706565984
9259.210684296539 945.850074537259 62.20531601079399
9262.952803086318 1021.605528320894 64.48448509668886
9266.694908120127 898.0000006244204 62.7749823543441
9270.437401954705 960.6729209655833 64.81666320103776
9274.180013740852 961.4655787608099 65.27498955112543
9277.922922184458 925.2411432033097 65.59770216717747
9281.666167973654 868.8364322292906 66.6244053953247
9285.409442252037 975.1102103444067 72.41857234218534
9289.1531289484 810.1675715947221 72.70816824310123
9292.896974868616 973.9498735346893 81.5017459568769
9296.64114882482 1028.6042235005852 82.78550565949222
9300.38543312885 973.7581673674955 83.1477164534741
9304.129993713093 802.568997008411 77.47411608907632
9307.874777827456 923.9694603601836 78.70769157441173
9311.619914806966 866.4636770525949 77.22661956672793
9315.365158252043 988.7687268067777 80.24991233707844
9319.11038221396 804.0260252649475 73.56901608027923
9322.856143533496 868.7032540682746 76.43601155974733
9326.6021424482 868.12132562862 75.86004582368246
9330.348216831206 887.5961507922128 74.67801130716326
9334.094662300708 800.9570863158314 71.1809568558366
9337.841419897519 941.1215564211163 74.91986042464252
9341.588257784046 669.6260848286147 65.37882171459903
9345.335419466632 728.6175529020575 66.92741704407554
9349.083179895668 653.9450743947347 67.43923799748366
9352.830745225758 702.7961574896691 72.74832394090465
9356.578734627798 720.5151927324433 72.74099193790471
9360.326779958932 627.9571330474486 67.80286531123339
9364.075206022422 616.1691110618253 63.855537221536636
9367.823496581437 537.8747868457439 55.20846010676414
9371.572850806671 903.1359345006023 65.351589287867
9375.322089940531 981.0248223671985 67.81618947246135
9379.071099298926 775.3619589899496 62.16336357077513
9382.8207316128 811.3862784073007 64.12712807474766
9386.570616748526 892.8938349820592 66.99907456027626
9390.320623110087 857.3759072317214 67.40866761022636
9394.070947582906 856.0291063935223 69.18164573352323
9397.821623484086 927.8980485861404 73.17024980248192
9401.572476853355 937.1253524086533 75.67336651911833
9405.323331364118 924.45799129737 75.79562286952554
9409.074505126886 884.8330146052297 75.56568256272517
9412.826237893958 903.9541545728802 79.476039690893
9416.578134252635 804.1745736333364 80.4537494803344
9420.330108720349 829.8617507823393 83.33107636573769
9424.082466206566 948.1518962698141 87.29471360722603
9427.835130669306 971.6705619661697 86.23566395199414
9431.58766651423 954.6619314159888 83.35126317091283
9435.34072575325 889.3652994386167 82.446140034093
9439.094076647976 892.4629106654702 82.75763376120959
9442.847475997118 795.9422487810682 78.64017359822478
9446.601515927861 927.2256033542106 83.91076225456364
9450.355621109318 840.8229031934956 82.17616939637084
9454.110010569484 1044.9423771749343 91.06679578243444
9457.864695545375 888.7435641188157 85.49682733415284
9461.619508956373 977.4663820255491 88.03913197663718
9465.374440645535 870.7983837173422 80.96690612788403
9469.129579608805 819.1000096246817 76.13621899657232
9472.885634153934 1179.315980436527 88.3634860321379
9476.641482903728 972.5455070706703 84.50148393457462
9480.397556765563 972.4775661115962 83.8176545565054
9484.153926163537 924.856003696237 82.59331809844525
9487.910321348048 703.73593087043 73.45777299417944
9491.667638794332 1074.735694287236 86.25359537637563
9495.424417744645 663.5116745182991 73.46772127109932
9499.181781271747 702.2527334434427 74.52865697448097
9502.939715024464 849.3912768189639 79.20180404662813
9506.697575332159 876.6960506988197 78.95299835472115
9510.45612282729 658.4950243463114 70.5566788419944
9514.214289929647 941.6966460048025 80.11795996616458
9517.973200653645 763.9869496895491 73.95006891340316
9521.732283023774 739.7456808189227 73.06712269575029
9525.491337603136 781.9004667569428 75.08508768856905
9529.250976045945 791.6652252758287 74.84687436314886
9533.011174710286 701.434269935242 71.77865880957695
9536.77077683311 817.8491301993758 75.96503181960495
9540.53136708357 740.936872323196 76.57812528545183
9544.291901625636 717.7496634484788 75.50556054836902
9548.053200777616 905.0242443808548 82.40311920346682
9551.813946997765 779.2426337208145 76.0899184296172
9555.575401859302 811.1146715467531 76.33591457490876
9559.337194321357 941.2737179761174 80.15304485349058
9563.099583954654 764.5274308160425 73.65444663456624
9566.861691166727 646.2497957436921 69.95914011133029
9570.624296186397 789.0194757125136 74.96494908813362
9574.387244865049 781.089977429052 73.93683918361624
9578.150210713053 685.9907702499025 71.20394140442615
9581.913494886368 826.4152578785677 76.31786848571154
9585.677213931594 790.6759501292282 75.89946679853695
9589.440830565152 887.7351358248864 78.95569810650892
9593.205080972873 870.1118661566801 79.94800184272825
9596.969683150875 789.2834178947137 76.9402396218228
9600.734366953742 808.4310819776451 78.30885883939247
9604.499451123067 788.8095380137074 77.47971594582607
9608.26485777213 742.763429885784 77.08066103643445
9612.030356473468 874.5938121982315 79.65718431856
9615.796533892573 731.1218822522804 76.3401397799952
9619.56250766552 879.0441803547973 79.8401467697781
9623.3288595911 918.4989675952128 83.40122073333859
9627.095779089323 776.6790142966233 78.04883184997966
9630.862766436263 709.1833781462393 78.61319997583853
9634.630111326273 843.164095897343 78.80631828541239
9638.397773817576 650.7690196302866 78.53933810605064
9642.165699774416 783.88352083826 77.99773246310063
9645.933842271237 655.1759887422726 77.40789858215369
