3339.73937          nan
3343.81442          nan
3347.88947  7.90000e-16
3351.96351  6.32000e-16
3356.03958  6.62000e-16
3360.11464  3.06000e-16
3364.18969  5.96000e-16
3368.26474  1.09000e-15
3372.33980  7.84000e-16
3376.41485  7.33000e-16
3380.48991  8.73000e-16
3384.56496  9.95000e-16
3388.64103  4.50000e-16
3392.71609  8.61000e-16
3396.79114  7.60000e-16
3400.86619  7.34000e-16
3404.94125  6.09000e-16
3409.01630  6.81000e-16
3413.09136  8.90000e-16
3417.16641  1.11000e-15
3421.24248  7.52000e-16
3425.31652  8.19000e-16
3429.39157  9.98000e-16
3433.46663  7.60000e-16
3437.54168  6.00000e-16
3441.61673  8.96000e-16
3445.69179  9.03000e-16
3449.76684  1.02000e-15
3453.84291  6.66000e-16
3457.91797  9.31000e-16
3461.99302  6.95000e-16
3466.06808  9.25000e-16
3470.14313  7.63000e-16
3474.21818  9.19000e-16
3478.29324  6.81000e-16
3482.36829  8.29000e-16
3486.44436  8.85000e-16
3490.51942  9.14000e-16
3494.59447  9.16000e-16
3498.66851  9.82000e-16
3502.74356  6.51000e-16
3506.81862  4.88000e-16
3510.89367  8.18000e-16
3514.96872  5.25000e-16
3519.04480  7.68000e-16
3523.11985  7.53000e-16
3527.19490  6.05000e-16
3531.26996  8.62000e-16
3535.34501  7.00000e-16
3539.42007  7.58000e-16
3543.49512  7.87000e-16
3547.57017  8.06000e-16
3551.64625  5.73000e-16
3555.72130  6.73000e-16
3559.79635  8.15000e-16
3563.87141  6.83000e-16
3567.94646  7.16000e-16
3572.02050  7.38000e-16
3576.09555  8.08000e-16
3580.17061  7.96000e-16
3584.24668  7.20000e-16
3588.32173  7.49000e-16
3592.39679  6.14000e-16
3596.47184  8.21000e-16
3600.54689  5.09000e-16
3604.62195  6.77000e-16
3608.69700  5.93000e-16
3612.77206  7.58000e-16
3616.84813  4.64000e-16
3620.92318  6.41000e-16
3624.99824  5.78000e-16
3629.07329  5.92000e-16
3633.14834  5.92000e-16
3637.22340  7.29000e-16
3641.29845  9.13000e-16
3645.37351  8.33000e-16
3649.44856  6.19000e-16
3653.52361  7.88000e-16
3657.59867  6.99000e-16
3661.67372  6.38000e-16
3665.74878  6.33000e-16
3669.82383  6.73000e-16
3673.89888  6.92000e-16
3677.97394  6.29000e-16
3682.05001  7.30000e-16
3686.12506  7.06000e-16
3690.20012  6.67000e-16
3694.27517  6.64000e-16
3698.35023  7.41000e-16
3702.42528  6.66000e-16
3706.50033  6.89000e-16
3710.57539  6.94000e-16
3714.65146  6.19000e-16
3718.72550  6.40000e-16
3722.80055  7.02000e-16
3726.87560  6.18000e-16
3730.95066  6.63000e-16
3735.02571  6.46000e-16
3739.10077  8.20000e-16
3743.17582  6.55000e-16
3747.25189  7.17000e-16
3751.32695  6.85000e-16
3755.40200  5.89000e-16
3759.47705  7.06000e-16
3763.55211  7.94000e-16
3767.62716  7.24000e-16
3771.70222  6.59000e-16
3775.77727  4.04000e-16
3779.85334  6.09000e-16
3783.92840  6.65000e-16
3788.00345  7.41000e-16
3792.07850  6.41000e-16
3796.15254  6.33000e-16
3800.22759  6.66000e-16
3804.30265  6.09000e-16
3808.37770  6.91000e-16
3812.45377  4.95000e-16
3816.52883  5.89000e-16
3820.60388  6.90000e-16
3824.67894  6.52000e-16
3828.75399  6.56000e-16
3832.82904  5.38000e-16
3836.90410  6.32000e-16
3840.97915  5.59000e-16
3845.05522  5.96000e-16
3849.13028  6.17000e-16
3853.20533  4.92000e-16
3857.28039  5.41000e-16
3861.35544  5.21000e-16
3865.43049  5.75000e-16
3869.50453  5.98000e-16
3873.57958  5.63000e-16
3877.65566  6.09000e-16
3881.73071  5.92000e-16
3885.80576  5.71000e-16
3889.88082  5.59000e-16
3893.95587  5.33000e-16
3898.03093  5.54000e-16
3902.10598  6.40000e-16
3906.18103  5.88000e-16
3910.25711  5.55000e-16
3914.33216  6.29000e-16
3918.40721  6.05000e-16
3922.48227  5.56000e-16
3926.55732  5.95000e-16
3930.63238  5.76000e-16
3934.70743  4.18000e-16
3938.78248  3.90000e-16
3942.85754  5.73000e-16
3946.93259  6.58000e-16
3951.00765  6.18000e-16
3955.08270  5.60000e-16
3959.15775  5.69000e-16
3963.23281  5.75000e-16
3967.30786  4.83000e-16
3971.38292  4.89000e-16
3975.45899  4.89000e-16
3979.53404  5.05000e-16
3983.60910  5.00000e-16
3987.68415  5.57000e-16
3991.75920  6.21000e-16
3995.83426  5.67000e-16
3999.90931  6.27000e-16
4003.98538  6.61000e-16
4008.06044  5.64000e-16
4012.13549  5.34000e-16
4016.20953  5.29000e-16
4020.28458  5.03000e-16
4024.35964  5.62000e-16
4028.43469  4.91000e-16
4032.50974  6.00000e-16
4036.58582  5.84000e-16
4040.66087  5.86000e-16
4044.73592  5.10000e-16
4048.81098  5.14000e-16
4052.88603  5.09000e-16
4056.96109  5.34000e-16
4061.03614  5.77000e-16
4065.11119  5.13000e-16
4069.18727  5.44000e-16
4073.26232  5.12000e-16
4077.33737  4.55000e-16
4081.41243  4.95000e-16
4085.48748  5.18000e-16
4089.56152  4.99000e-16
4093.63657  4.31000e-16
4097.71163  3.79000e-16
4101.78770  5.09000e-16
4105.86275  5.69000e-16
4109.93781  5.20000e-16
4114.01286  5.13000e-16
4118.08791  5.37000e-16
4122.16297  4.49000e-16
4126.23802  4.17000e-16
4130.31308  5.06000e-16
4134.38915  4.84000e-16
4138.46420  4.68000e-16
4142.53926  4.76000e-16
4146.61431  4.56000e-16
4150.68936  4.87000e-16
4154.76442  4.82000e-16
4158.83947  6.06000e-16
4162.91351  5.03000e-16
4166.98958  5.20000e-16
4171.06463  4.73000e-16
4175.13969  4.69000e-16
4179.21474  4.66000e-16
4183.28980  5.34000e-16
4187.36485  4.50000e-16
4191.43990  4.78000e-16
4195.51496  5.11000e-16
4199.59103  4.35000e-16
4203.66608  5.21000e-16
4207.74114  5.01000e-16
4211.81619  5.33000e-16
4215.89125  4.78000e-16
4219.96630  4.80000e-16
4224.04135  4.16000e-16
4228.11641  4.55000e-16
4232.19248  3.67000e-16
4236.26652  4.30000e-16
4240.34157  4.19000e-16
4244.41662  4.69000e-16
4248.49168  4.53000e-16
4252.56673  4.24000e-16
4256.64179  4.76000e-16
4260.71684  3.69000e-16
4264.79291  3.82000e-16
4268.86797  3.51000e-16
4272.94302  4.33000e-16
4277.01807  4.33000e-16
4281.09313  4.70000e-16
4285.16818  4.63000e-16
4289.24324  3.97000e-16
4293.31829  3.58000e-16
4297.39436  3.94000e-16
4301.46942  4.00000e-16
4305.54447  4.39000e-16
4309.61851  3.98000e-16
4313.69356  3.86000e-16
4317.76861  4.68000e-16
4321.84367  4.09000e-16
4325.91872  3.86000e-16
4329.99479  3.44000e-16
4334.06985  3.38000e-16
4338.14490  3.89000e-16
4342.21996  3.78000e-16
4346.29501  3.90000e-16
4350.37006  4.01000e-16
4354.44512  3.79000e-16
4358.52017  3.62000e-16
4362.59624  4.49000e-16
4366.67130  3.63000e-16
4370.74635  3.37000e-16
4374.82141  4.28000e-16
4378.89646  4.22000e-16
4382.97050  4.47000e-16
4387.04555  4.42000e-16
4391.12060  4.35000e-16
4395.19668  3.97000e-16
4399.27173  4.69000e-16
4403.34678  4.26000e-16
4407.42184  3.24000e-16
4411.49689  3.66000e-16
4415.57195  3.74000e-16
4419.64700  4.58000e-16
4423.72205  4.09000e-16
4427.79813  3.77000e-16
4431.87318  4.06000e-16
4435.94823  3.91000e-16
4440.02329  4.58000e-16
4444.09834  4.22000e-16
4448.17340  3.76000e-16
4452.24845  3.80000e-16
4456.32350  4.25000e-16
4460.39856  4.00000e-16
4464.47361  4.02000e-16
4468.54867  4.22000e-16
4472.62372  3.93000e-16
4476.69877  3.51000e-16
4480.77383  3.38000e-16
4484.84888  3.29000e-16
4488.92394  3.39000e-16
4493.00001  2.66000e-16
4497.07506  3.14000e-16
4501.15012  2.89000e-16
4505.22517  3.73000e-16
4509.30022  3.67000e-16
4513.37528  3.65000e-16
4517.45033  3.21000e-16
4521.52539  4.03000e-16
4525.60146  3.99000e-16
4529.67549  3.12000e-16
4533.75055  3.49000e-16
4537.82560  3.05000e-16
4541.90066  3.66000e-16
4545.97571  4.14000e-16
4550.05076  3.33000e-16
4554.12582  3.82000e-16
4558.20189  3.88000e-16
4562.27694  4.06000e-16
4566.35200  3.69000e-16
4570.42705  3.13000e-16
4574.50211  3.44000e-16
4578.57716  3.64000e-16
4582.65221  3.08000e-16
4586.72727  2.80000e-16
4590.80334  3.22000e-16
4594.87839  3.75000e-16
4598.95345  2.54000e-16
4603.02850  4.11000e-16
4607.10254  3.94000e-16
4611.17759  3.76000e-16
4615.25265  3.83000e-16
4619.32770  3.81000e-16
4623.40377  4.23000e-16
4627.47883  3.84000e-16
4631.55388  3.46000e-16
4635.62893  3.60000e-16
4639.70399  3.84000e-16
4643.77904  3.37000e-16
4647.85410  4.09000e-16
4651.92915  4.17000e-16
4656.00522  3.30000e-16
4660.08028  3.42000e-16
4664.15533  3.64000e-16
4668.23038  4.14000e-16
4672.30544  3.99000e-16
4676.38049  4.19000e-16
4680.45453  4.12000e-16
4684.52958  4.26000e-16
4688.60565  4.52000e-16
4692.68071  4.24000e-16
4696.75576  4.61000e-16
4700.83082  4.65000e-16
4704.90587  4.26000e-16
4708.98092  4.64000e-16
4713.05598  5.01000e-16
4717.13103  4.71000e-16
4721.20710  4.31000e-16
4725.28216  4.47000e-16
4729.35721  4.09000e-16
4733.43227  4.62000e-16
4737.50732  4.64000e-16
4741.58237  4.69000e-16
4745.65743  4.55000e-16
4749.73350  4.66000e-16
4753.80754  4.98000e-16
4757.88259  4.52000e-16
4761.95764  4.46000e-16
4766.03270  4.14000e-16
4770.10775  4.41000e-16
4774.18281  4.64000e-16
4778.25786  4.58000e-16
4782.33393  3.48000e-16
4786.40899  3.95000e-16
4790.48404  4.26000e-16
4794.55909  4.21000e-16
4798.63415  3.68000e-16
4802.70920  3.87000e-16
4806.78426  4.34000e-16
4810.85931  3.50000e-16
4814.93538  3.94000e-16
4819.01044  4.15000e-16
4823.08549  3.18000e-16
4827.15953  3.57000e-16
4831.23458  3.60000e-16
4835.30963  4.06000e-16
4839.38469  3.48000e-16
4843.45974  2.91000e-16
4847.53581  3.63000e-16
4851.61087  3.59000e-16
4855.68592  2.27000e-16
4859.76098  2.42000e-16
4863.83603  3.23000e-16
4867.91108  2.75000e-16
4871.98614  3.59000e-16
4876.06119  3.77000e-16
4880.13726  3.11000e-16
4884.21232  3.24000e-16
4888.28737  2.85000e-16
4892.36243  3.16000e-16
4896.43748  2.94000e-16
4900.51152  2.65000e-16
4904.58657  2.81000e-16
4908.66162  3.19000e-16
4912.73770  2.67000e-16
4916.81275  2.84000e-16
4920.88780  3.28000e-16
4924.96286  3.01000e-16
4929.03791  3.02000e-16
4933.11297  2.96000e-16
4937.18802  3.32000e-16
4941.26307  3.25000e-16
4945.33915  3.01000e-16
4949.41420  3.26000e-16
4953.48925  3.16000e-16
4957.56431  3.03000e-16
4961.63936  3.20000e-16
4965.71442  3.04000e-16
4969.78947  2.77000e-16
4973.86351  2.47000e-16
4977.93958  2.05000e-16
4982.01463  2.92000e-16
4986.08969  3.05000e-16
4990.16474  2.27000e-16
4994.23979  2.06000e-16
4998.31485  2.31000e-16
5002.38990  2.85000e-16
5006.46496  2.47000e-16
5010.54103  1.92000e-16
5014.61608  2.04000e-16
5018.69114  1.96000e-16
5022.76619  1.90000e-16
5026.84124  2.11000e-16
5030.91630  2.16000e-16
5034.99135  2.35000e-16
5039.06641  2.09000e-16
5043.14248  1.71000e-16
5047.21651  2.23000e-16
5051.29157  2.27000e-16
5055.36662  2.14000e-16
5059.44168  2.13000e-16
5063.51673  1.96000e-16
5067.59178  2.11000e-16
5071.66684  2.17000e-16
5075.74291  2.00000e-16
5079.81796  2.00000e-16
5083.89302  2.44000e-16
5087.96807  2.33000e-16
5092.04313  2.07000e-16
5096.11818  1.88000e-16
5100.19323  1.97000e-16
5104.26829  1.92000e-16
5108.34436  2.04000e-16
5112.41941  1.66000e-16
5116.49447  1.97000e-16
5120.56850  1.74000e-16
5124.64356  2.10000e-16
5128.71861  2.11000e-16
5132.79367  2.31000e-16
5136.86872  1.46000e-16
5140.94479  1.42000e-16
5145.01985  2.25000e-16
5149.09490  1.43000e-16
5153.16995  1.19000e-16
5157.24501  1.53000e-16
5161.32006  1.58000e-16
5165.39512  1.20000e-16
5169.47017  1.63000e-16
5173.54624  1.83000e-16
5177.62130  1.61000e-16
5181.69635  1.49000e-16
5185.77140  2.00000e-16
5189.84646  2.26000e-16
5193.92049  1.85000e-16
5197.99555  1.26000e-16
5202.07060  1.53000e-16
5206.14667  1.37000e-16
5210.22173  1.89000e-16
5214.29678  2.01000e-16
5218.37184  1.81000e-16
5222.44689  1.19000e-16
5226.52194  1.55000e-16
5230.59700  1.86000e-16
5234.67205  1.61000e-16
5238.74812  1.99000e-16
5242.82318  1.93000e-16
5246.89823  1.54000e-16
5250.97329  2.09000e-16
5255.04834  2.60000e-16
5259.12339  2.38000e-16
5263.19845  1.83000e-16
5267.27350  2.11000e-16
5271.34856  2.09000e-16
5275.42361  1.72000e-16
5279.49866  1.45000e-16
5283.57372  2.08000e-16
5287.64877  1.41000e-16
5291.72383  1.79000e-16
5295.79888  1.62000e-16
5299.87393  9.55000e-17
5303.95001  1.81000e-16
5308.02506  1.72000e-16
5312.10011  1.23000e-16
5316.17517  1.48000e-16
5320.25022  1.91000e-16
5324.32528  2.18000e-16
5328.40033  1.37000e-16
5332.47538  7.58000e-17
5336.55146  1.28000e-16
5340.62549  2.07000e-16
5344.70055  1.63000e-16
5348.77560  2.23000e-16
5352.85065  1.35000e-16
5356.92571  1.50000e-16
5361.00076  2.13000e-16
5365.07582  1.73000e-16
5369.15189  1.90000e-16
5373.22694  1.30000e-16
5377.30200  1.09000e-16
5381.37705  1.52000e-16
5385.45210  1.36000e-16
5389.52716  1.66000e-16
5393.60221  1.15000e-16
5397.67727  6.51000e-17
5401.75334  1.63000e-16
5405.82839  1.42000e-16
5409.90345  1.17000e-16
5413.97850  1.38000e-16
5418.05254  1.50000e-16
5422.12759  1.66000e-16
5426.20264  1.51000e-16
5430.27770  9.95000e-17
5434.35377  1.18000e-16
5438.42882  1.32000e-16
5442.50388  1.37000e-16
5446.57893  1.36000e-16
5450.65399  1.31000e-16
5454.72904  1.23000e-16
5458.80409  2.09000e-16
5462.88017  1.77000e-16
5466.95522  1.34000e-16
5471.03027  1.13000e-16
5475.10533  1.39000e-16
5479.18038  8.83000e-17
5483.25544  1.11000e-16
5487.33049  1.07000e-16
5491.40453  1.61000e-16
5495.48060  1.61000e-16
5499.55565  1.38000e-16
5503.63071  1.63000e-16
5507.70576  1.59000e-16
5511.78081  1.49000e-16
5515.85587  5.07000e-17
5519.93092 -3.89000e-16
5524.00598 -3.09000e-16
5528.08205  1.39000e-16
5532.15710  1.35000e-16
5536.23216  1.30000e-16
5540.30721  7.23000e-17
5544.38226  1.06000e-16
5548.45732  1.86000e-16
5552.53237  1.68000e-16
5556.60743  1.16000e-16
5560.68350  9.89000e-17
5564.75753  8.69000e-17
5568.83259  1.54000e-16
5572.90764  1.45000e-16
5576.98270  1.58000e-16
5581.05775  1.15000e-16
5585.13280  9.76000e-17
5589.20786  1.16000e-16
5593.28393  1.02000e-16
5597.35898  9.20000e-17
5601.43404  1.33000e-16
5605.50909  1.51000e-16
5609.58415  1.66000e-16
5613.65920  1.20000e-16
5617.73425  5.01000e-17
5621.80931  1.16000e-16
5625.88538  1.36000e-16
5629.96043  3.07000e-17
5634.03549  7.24000e-17
5638.10952  9.18000e-17
5642.18458  6.02000e-17
5646.25963  1.04000e-16
5650.33469  6.27000e-17
5654.40974  1.12000e-16
5658.48581  1.32000e-16
5662.56087  1.19000e-16
5666.63592  1.25000e-16
5670.71097  5.34000e-17
5674.78603  1.05000e-16
5678.86108  8.03000e-17
5682.93614  1.10000e-16
5687.01119  9.44000e-17
5691.08726  5.88000e-17
5695.16232  6.23000e-17
5699.23737  8.64000e-17
5703.31242  1.16000e-16
5707.38748  1.37000e-16
5711.46151  1.10000e-16
5715.53657  1.42000e-16
5719.61162  1.48000e-16
5723.68769  1.17000e-16
5727.76275  8.90000e-17
5731.83780  8.49000e-17
5735.91286  7.76000e-17
5739.98791  1.15000e-16
5744.06296  9.42000e-17
5748.13802  5.06000e-17
5752.21307  7.90000e-17
5756.28914  1.09000e-16
5760.36420  1.21000e-16
5764.43925  7.17000e-17
5768.51431  7.86000e-17
5772.58936  1.56000e-16
5776.66441  1.42000e-16
5780.73947  4.12000e-17
5784.81350  1.28000e-16
5788.88958  1.50000e-16
5792.96463  1.27000e-16
5797.03968  9.71000e-17
5801.11474  8.10000e-17
5805.18979  1.18000e-16
5809.26485  1.29000e-16
5813.33990  1.04000e-16
5817.41495  7.95000e-17
5821.49103  6.13000e-17
5825.56608  3.57000e-17
5829.64113 -1.39000e-16
5833.71619 -3.84000e-17
5837.79124  1.03000e-16
5841.86630  1.19000e-16
5845.94135  6.47000e-17
5850.01640  8.08000e-17
5854.09248  3.95000e-18
5858.16651  5.73000e-17
5862.24157  1.28000e-16
5866.31662  1.01000e-16
5870.39167  8.22000e-17
5874.46673  8.86000e-17
5878.54178  9.34000e-17
5882.61684  1.19000e-16
5886.69291  1.28000e-16
5890.76796  5.31000e-17
5894.84302  9.95000e-17
5898.91807  1.31000e-16
5902.99312  3.09000e-17
5907.06818  6.80000e-17
5911.14323  9.90000e-17
5915.21829  1.03000e-16
5919.29436  1.09000e-16
5923.36941  8.31000e-17
5927.44447  6.22000e-17
5931.51850  8.10000e-17
5935.59356  8.03000e-17
5939.66861  8.02000e-17
5943.74366  9.23000e-17
5947.81872  5.55000e-17
5951.89479  5.34000e-17
5955.96984  1.10000e-16
5960.04490  9.03000e-17
5964.11995  8.58000e-17
5968.19501  2.97000e-17
5972.27006  8.10000e-17
5976.34511  4.53000e-17
5980.42017  9.69000e-17
5984.49624  1.53000e-16
5988.57129  7.60000e-17
5992.64635  1.45000e-16
5996.72140  1.49000e-16
6000.79646  1.71000e-16
6004.87049  1.69000e-16
6008.94555  1.14000e-16
6013.02060  8.40000e-17
6017.09667  9.57000e-17
6021.17173  5.44000e-17
6025.24678  1.08000e-16
6029.32183  4.25000e-17
6033.39689  8.05000e-17
6037.47194  6.02000e-17
6041.54700  3.58000e-17
6045.62205  8.66000e-18
6049.69812  5.11000e-17
6053.77318  1.14000e-16
6057.84823  9.67000e-17
6061.92328  7.35000e-17
6065.99834  7.43000e-17
6070.07339  8.43000e-17
6074.14845  7.24000e-17
6078.22350  4.14000e-17
6082.29855  1.06000e-17
6086.37361  7.30000e-17
6090.44866  5.08000e-17
6094.52372  4.78000e-17
6098.59877  7.44000e-17
6102.67382  6.05000e-17
6106.74888  6.01000e-17
6110.82393  9.34000e-17
6114.90000  6.97000e-17
6118.97506  9.17000e-17
6123.05011  1.04000e-16
6127.12517  9.52000e-17
6131.20022  6.73000e-17
6135.27527  6.48000e-17
6139.35033  9.94000e-17
6143.42538  7.05000e-17
6147.50145  6.54000e-17
6151.57651  7.32000e-17
6155.65054  8.86000e-17
6159.72560  5.04000e-17
6163.80065  5.57000e-17
6167.87571  9.55000e-17
6171.95076  6.69000e-17
6176.02581  6.83000e-17
6180.10189  5.71000e-17
6184.17694  4.00000e-18
6188.25199  2.20000e-17
6192.32705  3.24000e-17
6196.40210  3.78000e-17
6200.47716  8.31000e-17
6204.55221  8.14000e-17
6208.62828  5.46000e-17
6212.70334  7.23000e-17
6216.77839  1.57000e-17
6220.85344  5.16000e-17
6224.92850  1.42000e-16
6229.00253  9.29000e-17
6233.07759  4.88000e-17
6237.15264  4.48000e-17
6241.22871  6.25000e-17
6245.30377  6.43000e-17
6249.37882  5.95000e-17
6253.45388  5.00000e-17
6257.52893  7.42000e-17
6261.60398  3.72000e-17
6265.67904  1.12000e-16
6269.75409  8.01000e-17
6273.83016  9.07000e-17
6277.90522  1.13000e-16
6281.98027  1.06000e-16
6286.05533  7.77000e-17
6290.13038  7.17000e-17
6294.20543  6.58000e-17
6298.28049  9.33000e-17
6302.35452  1.14000e-16
6306.43060  1.35000e-16
6310.50565  8.98000e-17
6314.58070  5.14000e-17
6318.65576  8.89000e-17
6322.73081  1.27000e-16
6326.80587  9.29000e-17
6330.88092  4.16000e-17
6334.95597  7.63000e-17
6339.03205  1.06000e-16
6343.10710  6.66000e-17
6347.18215  8.62000e-17
6351.25721  9.58000e-17
6355.33226  6.40000e-17
6359.40732  7.51000e-17
6363.48237  8.21000e-17
6367.55742  5.03000e-17
6371.63350  7.17000e-17
6375.70753  1.09000e-16
6379.78259  5.12000e-17
6383.85764  5.35000e-17
6387.93269  5.83000e-17
6392.00775  5.54000e-17
6396.08280  4.28000e-17
6400.15786  3.34000e-17
6404.23393  8.61000e-17
6408.30898  7.58000e-17
6412.38404  8.51000e-17
6416.45909  8.59000e-17
6420.53414  5.91000e-17
6424.60920  6.04000e-17
6428.68425  8.06000e-17
6432.75931  1.36000e-16
6436.83538  7.54000e-17
6440.91043  1.26000e-16
6444.98549  1.32000e-16
6449.05952  6.36000e-17
6453.13458  6.54000e-17
6457.20963  7.05000e-17
6461.28468  6.11000e-17
6465.35974  4.35000e-17
6469.43581  9.56000e-17
6473.51086  9.65000e-17
6477.58592  6.06000e-17
6481.66097  9.43000e-17
6485.73603  5.09000e-17
6489.81108  2.32000e-17
6493.88613  7.49000e-17
6497.96119  1.30000e-16
6502.03726  1.17000e-16
6506.11231  8.70000e-17
6510.18737  9.46000e-17
6514.26242  8.64000e-17
6518.33748  7.04000e-17
6522.41151  7.47000e-17
6526.48657  8.68000e-17
6530.56162  1.03000e-16
6534.63769  1.05000e-16
6538.71275  8.56000e-17
6542.78780  1.01000e-16
6546.86285  9.29000e-17
6550.93791  1.41000e-16
6555.01296  1.06000e-16
6559.08802  9.51000e-17
6563.16307  7.49000e-17
6567.23914  1.25000e-16
6571.31420  1.21000e-16
6575.38925  1.44000e-16
6579.46430  1.23000e-16
6583.53936  5.73000e-17
6587.61441  8.87000e-17
6591.68947  1.16000e-16
6595.76350  9.59000e-17
6599.83957  9.21000e-17
6603.91463  1.26000e-16
6607.98968  1.37000e-16
6612.06474  1.65000e-16
6616.13979  2.04000e-16
6620.21484  1.90000e-16
6624.28990  1.39000e-16
6628.36495  1.34000e-16
6632.44102  1.39000e-16
6636.51608  1.27000e-16
6640.59113  1.60000e-16
6644.66619  2.07000e-16
6648.74124  2.05000e-16
6652.81629  1.96000e-16
6656.89135  1.28000e-16
6660.96640  1.86000e-16
6665.04247  1.64000e-16
6669.11651  1.64000e-16
6673.19156  1.61000e-16
6677.26662  2.16000e-16
6681.34167  2.30000e-16
6685.41673  2.03000e-16
6689.49178  2.26000e-16
6693.56683  2.06000e-16
6697.64291  1.59000e-16
6701.71796  1.25000e-16
6705.79301  2.09000e-16
6709.86807  1.51000e-16
6713.94312  1.76000e-16
6718.01818  1.74000e-16
6722.09323  1.77000e-16
6726.16828  1.41000e-16
6730.24436  1.46000e-16
6734.31941  1.20000e-16
6738.39446  1.11000e-16
6742.46850  1.29000e-16
6746.54355  7.18000e-17
6750.61861  9.97000e-17
6754.69366  7.52000e-17
6758.76872  9.40000e-17
6762.84479  1.15000e-16
6766.91984  1.08000e-16
6770.99490  8.15000e-17
6775.06995  6.53000e-17
6779.14500  8.05000e-17
6783.22006  9.50000e-17
6787.29511  8.56000e-17
6791.37017  5.11000e-17
6795.44624  6.39000e-17
6799.52129  1.32000e-16
6803.59635  1.12000e-16
6807.67140  1.01000e-16
6811.74645  9.10000e-17
6815.82151  5.13000e-17
6819.89554  3.08000e-17
6823.97060  1.65000e-17
6828.04667  2.22000e-17
6832.12172  8.99000e-17
6836.19678  6.82000e-17
6840.27183  1.18000e-16
6844.34689  9.33000e-17
6848.42194  3.74000e-17
6852.49699  3.12000e-17
6856.57205  1.53000e-17
6860.64812  5.95000e-17
6864.72317  7.82000e-17
6868.79823  8.89000e-18
6872.87328  5.74000e-17
6876.94834  1.21000e-16
6881.02339  1.20000e-16
6885.09844  1.23000e-16
6889.17350  6.77000e-17
6893.24855  5.56000e-17
6897.32361  7.37000e-17
6901.39866  4.69000e-17
6905.47371  7.89000e-17
6909.54877  1.08000e-16
6913.62382  5.17000e-17
6917.69888  1.02000e-17
6921.77393  4.04000e-17
6925.85000  5.67000e-17
6929.92506  8.56000e-17
6934.00011  1.72000e-17
6938.07516 -4.14000e-17
6942.15022 -6.06000e-19
6946.22527  1.45000e-17
6950.30033  1.08000e-17
6954.37640  6.69000e-18
6958.45145  3.93000e-17
6962.52651  6.34000e-17
6966.60054  8.14000e-17
6970.67560  3.65000e-17
6974.75065  4.13000e-17
6978.82570  1.64000e-17
6982.90076  2.68000e-17
6986.97683  9.18000e-17
6991.05188  8.47000e-17
6995.12694  4.62000e-18
6999.20199 -6.38000e-18
7003.27705  1.88000e-17
7007.35210  2.81000e-17
7011.42715  3.75000e-17
7015.50221  3.04000e-17
7019.57828  4.87000e-17
7023.65333  2.32000e-17
7027.72839  3.28000e-18
7031.80344  7.80000e-18
7035.87850  2.61000e-17
7039.95253  6.18000e-17
7044.02759  4.48000e-17
7048.10264  2.18000e-17
7052.17871  9.67000e-18
7056.25377 -6.35000e-18
7060.32882  3.87000e-17
7064.40387  3.74000e-17
7068.47893  1.75000e-17
7072.55398  3.74000e-17
7076.62904  2.43000e-17
7080.70409  4.65000e-17
7084.78016  5.13000e-17
7088.85522  4.71000e-17
7092.93027  5.12000e-17
7097.00532  5.30000e-17
7101.08038  2.94000e-17
7105.15543  5.02000e-17
7109.23049  7.96000e-17
7113.30452  1.62000e-17
7117.38059  2.11000e-17
7121.45565  2.48000e-17
7125.53070  9.91000e-17
7129.60576  2.94000e-17
7133.68081  6.97000e-17
7137.75586  5.53000e-17
7141.83092  2.75000e-17
7145.90597  8.61000e-17
7149.98204  9.49000e-17
7154.05710  3.97000e-17
7158.13215  3.41000e-19
7162.20721  2.28000e-18
7166.28226  8.05000e-18
7170.35731 -2.88000e-17
7174.43237 -1.35000e-17
7178.50742 -8.74000e-17
7182.58349 -3.93000e-17
7186.65753 -4.09000e-17
7190.73258 -8.86000e-17
7194.80764 -3.58000e-17
7198.88269 -5.28000e-18
7202.95775 -2.78000e-17
7207.03280 -1.13000e-17
7211.10785  6.88000e-17
7215.18393  1.12000e-16
7219.25898  6.79000e-17
7223.33403  5.81000e-17
7227.40909  5.99000e-17
7231.48414  9.84000e-17
7235.55920  3.10000e-17
7239.63425 -1.21000e-17
7243.70930 -7.04000e-17
7247.78538  1.15000e-17
7251.86043  3.83000e-17
7255.93548  7.90000e-17
7260.00952  1.89000e-17
7264.08457 -4.35000e-17
7268.15963 -4.08000e-17
7272.23468 -1.41000e-17
7276.30974  4.97000e-17
7280.38581  1.32000e-17
7284.46086 -2.52000e-17
7288.53592 -1.48000e-17
7292.61097  5.24000e-17
7296.68602  6.32000e-17
7300.76108  2.04000e-17
7304.83613  1.67000e-17
7308.91119  2.38000e-19
7312.98726  5.64000e-17
7317.06231  7.66000e-17
7321.13737  4.18000e-17
7325.21242  5.98000e-17
7329.28747  6.53000e-17
7333.36151  6.26000e-17
7337.43656  6.39000e-17
7341.51162  5.20000e-17
7345.58769  5.03000e-17
7349.66274  8.28000e-17
7353.73780  8.72000e-17
7357.81285  1.99000e-17
7361.88791  3.41000e-18
7365.96296  5.72000e-17
7370.03801  7.85000e-17
7374.11307  4.83000e-17
7378.18914 -5.11000e-18
7382.26419  5.67000e-18
7386.33925  8.46000e-17
7390.41430  8.40000e-17
7394.48936  2.25000e-17
7398.56441 -1.28000e-17
7402.63946  5.49000e-17
7406.71350  1.03000e-16
7410.78957  5.25000e-17
7414.86463  2.42000e-19
7418.93968  3.97000e-17
7423.01473  4.08000e-17
7427.08979  3.37000e-17
7431.16484 -1.16000e-18
7435.23990 -4.43000e-17
7439.31495  1.59000e-18
7443.39102  8.36000e-18
7447.46608  3.77000e-17
7451.54113  8.12000e-17
7455.61618  1.63000e-17
7459.21787 -2.60000e-18
7463.42730  3.78000e-17
7467.63469          nan
7471.84412          nan
7476.05253          nan
7480.26196          nan
7484.47139          nan
7488.67981          nan
7492.88924          nan
7497.09663          nan
7501.30606          nan
7505.51549          nan
7509.72390          nan
7513.93333          nan
7518.14174          nan
7522.35117          nan
7526.55959          nan
7530.76800          nan
7534.97743          nan
7539.18584          nan
7543.39527          nan
7547.60368          nan
7551.81311          nan
7556.02152          nan
7560.23095          nan
7564.43937          nan
7568.64778          nan
7572.85721          nan
7577.06562          nan
7581.27505          nan
7585.48448          nan
7589.69289          nan
7593.90130          nan
7598.10972          nan
7602.31915          nan
7606.52756          nan
7610.73699          nan
7614.94642          nan
7619.15483          nan
7623.36426          nan
7627.57165          nan
7631.78108          nan
7635.98950          nan
7640.19893          nan
7644.40836          nan
7648.61677          nan
7652.82620          nan
7657.03359          nan
7661.24302          nan
7665.45245          nan
7669.66086          nan
7673.87029          nan
7678.07871          nan
7682.28814          nan
7686.49655          nan
7690.70496          nan
7694.91439          nan
7699.12280          nan
7703.33223          nan
7707.54064          nan
7711.75007          nan
7715.95950          nan
7720.16792          nan
7724.37633          nan
7728.58474          nan
7732.79417          nan
7737.00258          nan
7741.21201          nan
7745.42144          nan
7749.62985          nan
7753.83827          nan
7758.04668          nan
7762.25611          nan
7766.46452          nan
7770.67395          nan
7774.88338          nan
7779.09179          nan
7783.30122          nan
7787.50862          nan
7791.71805          nan
7795.92748          nan
7800.13589          nan
7804.34532          nan
7808.55373          nan
7812.76316          nan
7816.97157          nan
7821.17998          nan
7825.38941          nan
7829.59783          nan
7833.80726          nan
7838.01567          nan
7842.22510          nan
7846.43351          nan
7850.64192          nan
7854.85135          nan
7859.05976          nan
7863.26919          nan
7867.47761          nan
7871.68704          nan
7875.89647          nan
7880.10488          nan
7884.31329          nan
7888.52170          nan
7892.73113          nan
7896.93954          nan
7901.14897          nan
7905.35840          nan
7909.56682          nan
7913.77625          nan
7917.98364          nan
7922.19307          nan
7926.40250          nan
7930.61091          nan
7934.82034          nan
7939.02875          nan
7943.23818          nan
7947.44558          nan
7951.65501          nan
7955.86444          nan
7960.07285          nan
7964.28228          nan
7968.49069          nan
7972.70012          nan
7976.90853          nan
7981.11695          nan
7985.32638          nan
7989.53479          nan
7993.74422          nan
7997.95263          nan
8002.16206          nan
8006.37149          nan
8010.57888          nan
8014.78831          nan
8018.99673          nan
8023.20616          nan
8027.41457          nan
8031.62400          nan
8035.83343          nan
8040.04184          nan
8044.25025          nan
8048.45866          nan
8052.66809          nan
8056.87651          nan
8061.08594          nan
8065.29537          nan
8069.50378          nan
8073.71321          nan
8077.92060          nan
8082.13003          nan
8086.33946          nan
8090.54787          nan
8094.75730          nan
8098.96572          nan
8103.17515          nan
8107.38254          nan
8111.59197          nan
8115.80140          nan
8120.00981          nan
8124.21924          nan
8128.42765          nan
8132.63708          nan
8136.84550          nan
8141.05391          nan
8145.26334          nan
8149.47175          nan
8153.68118          nan
8157.88959          nan
8162.09902          nan
8166.30845          nan
8170.51686          nan
8174.72528          nan
8178.93369          nan
8183.14312          nan
8187.35153          nan
8191.56096          nan
8195.77039          nan
8199.97880          nan
8204.18721          nan
8208.39563          nan
8212.60506          nan
8216.81449          nan
8221.02290          nan
8225.23233          nan
8229.44074          nan
8233.65017          nan
8237.85756          nan
8242.06699          nan
8246.27642          nan
8250.48484          nan
8254.69427          nan
8258.90268          nan
8263.11211          nan
8267.31950          nan
8271.52893          nan
8275.73836          nan
8279.94677          nan
8284.15620          nan
8288.36462          nan
8292.57405          nan
8296.78348          nan
8300.99087          nan
8305.20030          nan
8309.40871          nan
8313.61814          nan
8317.82655          nan
8322.03598          nan
8326.24541          nan
8330.45383          nan
8334.66224          nan
8338.87065          nan
8343.08008          nan
8347.28849          nan
8351.49792          nan
8355.70735          nan
8359.91576          nan
8364.12418          nan
8368.33259          nan
8372.54202          nan
8376.75145          nan
8380.95986          nan
8385.16929          nan
8389.37770          nan
8393.58713          nan
8397.79453          nan
8402.00396          nan
8406.21339          nan
8410.42180          nan
8414.63123          nan
8418.83964          nan
8423.04907          nan
8427.25850          nan
8431.46589          nan
8435.67532          nan
8439.88374          nan
8444.09317          nan
8448.30158          nan
8452.51101          nan
8456.72044          nan
8460.92783          nan
8465.13726          nan
8469.34567          nan
8473.55510          nan
8477.76352          nan
8481.97295          nan
8486.18238          nan
8490.39079          nan
8494.59920          nan
8498.80761          nan
8503.01704          nan
8507.22647          nan
8511.43488          nan
8515.64431          nan
8519.85273          nan
8524.06216          nan
8528.26955          nan
8532.47898          nan
8536.68841          nan
8540.89682          nan
8545.10625          nan
8549.31466          nan
8553.52409          nan
8557.73251          nan
8561.94092          nan
8566.15035          nan
8570.35876          nan
8574.56819          nan
8578.77660          nan
8582.98603          nan
8587.19546          nan
8591.40286          nan
8595.61229          nan
8599.82070          nan
8604.03013          nan
8608.23854          nan
8612.44797          nan
8616.65740          nan
8620.86479          nan
8625.07422          nan
8629.28264          nan
8633.49207          nan
8637.70150          nan
8641.90991          nan
8646.11934          nan
8650.32775          nan
8654.53616          nan
8658.74457          nan
8662.95400          nan
8667.16343          nan
8671.37185          nan
8675.58128          nan
8679.78969          nan
8683.99912          nan
8688.20651          nan
8692.41594          nan
8696.62537          nan
8700.83378          nan
8705.04321          nan
8709.25163          nan
8713.46106          nan
8717.66947          nan
8721.87788          nan
8726.08731          nan
8730.29572          nan
8734.50515          nan
8738.71356          nan
8742.92299          nan
8747.13242          nan
8751.33982          nan
8755.54925          nan
8759.75766          nan
8763.96709          nan
8768.17550          nan
8772.38493          nan
8776.59436          nan
8780.80277          nan
8785.01119          nan
8789.21960          nan
8793.42903          nan
8797.63846          nan
8801.84687          nan
8806.05630          nan
8810.26471          nan
8814.47312          nan
8818.68154          nan
8822.89097          nan
8827.10040          nan
8831.30881          nan
8835.51824          nan
8839.72665          nan
8843.93608          nan
8848.14449          nan
8852.35290          nan
8856.56233          nan
8860.77075          nan
8864.98018          nan
8869.18859          nan
8873.39802          nan
8877.60745          nan
8881.81484          nan
8886.02427          nan
8890.23268          nan
8894.44211          nan
8898.65053          nan
8902.85996          nan
8907.06939          nan
8911.27678          nan
8915.48621          nan
8919.69462          nan
8923.90405          nan
8928.11348          nan
8932.32189          nan
8936.53132          nan
8940.73974          nan
8944.94815          nan
8949.15656          nan
8953.36599          nan
8957.57542          nan
8961.78383          nan
8965.99326          nan
8970.20167          nan
8974.41009          nan
8978.61850          nan
8982.82793          nan
8987.03736          nan
8991.24577          nan
8995.45520          nan
8999.66361          nan
9003.87304          nan
9008.08145          nan
9012.28987          nan
9016.49930          nan
9020.70771          nan
9024.91714          nan
9029.12555          nan
9033.33498          nan
9037.54441          nan
9041.75180          nan
9045.96123          nan
9050.16965          nan
9054.37908          nan
9058.58851          nan
9062.79692          nan
9067.00635          nan
9071.21374          nan
9075.42317          nan
9079.63158          nan
9083.84101          nan
9088.05044          nan
9092.25886          nan
9096.46829          nan
9100.67670          nan
9104.88511          nan
9109.09352          nan
9113.30295          nan
9117.51238          nan
9121.72079          nan
9125.93022          nan
9130.13864          nan
9134.34807          nan
9138.55648          nan
9142.76489          nan
9146.97432          nan
9151.18273          nan
9155.39216          nan
9159.60057          nan
9163.81000          nan
9168.01842          nan
9172.22683          nan
9176.43626          nan
9180.64467          nan
9184.85410          nan
9189.06251          nan
9193.27194          nan
9197.48137          nan
9201.68877          nan
9205.89820          nan
9210.10661          nan
9214.31604          nan
9218.52547          nan
9222.73388          nan
9226.94331          nan
9231.15070          nan
9235.36013          nan
9239.56855          nan
9243.77798          nan
9247.98741          nan
9252.19582          nan
9256.40525          nan
9260.61366          nan
9264.82207          nan
9269.03150          nan
9273.23991          nan
9277.44934          nan
9281.65776          nan
9285.86719          nan
9290.07560          nan
9294.28503          nan
9298.49344          nan
9302.70185          nan
9306.91128          nan
9311.11969          nan
9315.32912          nan
9319.53754          nan
9323.74697          nan
9327.95538          nan
9332.16379          nan
9336.37322          nan
9340.58163          nan
9344.79106          nan
9349.00049          nan
9353.20890          nan
9357.41833          nan
9361.62573          nan
9365.83516          nan
9370.04357          nan
9374.25300          nan
9378.46243          nan
9382.67084          nan
9386.88027          nan
9391.08868          nan
9395.29710          nan
9399.50551          nan
9403.71494          nan
9407.92437          nan
9412.13278          nan
9416.34221          nan
9420.55062          nan
9424.75903          nan
9428.96846          nan
9433.17688          nan
9437.38631          nan
9441.59472          nan
9445.80415          nan
9450.01256          nan
9454.22199          nan
9458.43040          nan
9462.63881          nan
9466.84824          nan
9471.05666          nan
9475.26609          nan
9479.47450          nan
9483.68393          nan
9487.89336          nan
9492.10075          nan
9496.31018          nan
9500.51859          nan
9504.72802          nan
9508.93745          nan
9513.14587          nan
9517.35530          nan
9521.56269          nan
9525.77212          nan
9529.98053          nan
9534.18996          nan
9538.39939          nan
9542.60780          nan
9546.81723          nan
9551.02565          nan
9555.23406          nan
9559.44349          nan
9563.65190          nan
9567.86133          nan
9572.06974          nan
9576.27917          nan
9580.48758          nan
9584.69600          nan
9588.90543          nan
9593.11384          nan
9597.32327          nan
9601.53168          nan
9605.74111          nan
9609.94952          nan
9614.15895          nan
9618.36736          nan
9622.57578          nan
9626.78521          nan
9630.99362          nan
9635.20305          nan
9639.41248          nan
9643.62089          nan
9647.83032          nan
9652.03771          nan
9656.24714          nan
9660.45556          nan
9664.66499          nan
9668.87442          nan
9673.08283          nan
9677.29226          nan
9681.49965          nan
9685.70908          nan
9689.91749          nan
9694.12692          nan
9698.33635          nan
9702.54477          nan
9706.75420          nan
9710.96261          nan
9715.17102          nan
9719.38045          nan
9723.58886          nan
9727.79829          nan
9732.00670          nan
9736.21613          nan
9740.42455          nan
9744.63398          nan
9748.84239          nan
9753.05080          nan
9757.26023          nan
9761.46864          nan
9765.67807          nan
9769.88750          nan
9774.09591          nan
9778.30433          nan
9782.51274          nan
9786.72217          nan
9790.93058          nan
9795.14001          nan
9799.34944          nan
9803.55785          nan
9807.76728          nan
9811.97468          nan
9816.18411          nan
9820.39252          nan
9824.60195          nan
9828.81138          nan
9833.01979          nan
9837.22922          nan
9841.43661          nan
9845.64604          nan
9849.85547          nan
9854.06389          nan
9858.27332          nan
9862.48173          nan
9866.69116          nan
9870.89957          nan
9875.10798          nan
9879.31741          nan
9883.52582          nan
9887.73525          nan
9891.94367          nan
9896.15310          nan
9900.36151          nan
9904.57094          nan
9908.77935          nan
9912.98776          nan
9917.19719          nan
9921.40560          nan
9925.61503          nan
9929.82446          nan
9934.03288          nan
9938.24129          nan
9942.44970          nan
9946.65913          nan
9950.86754          nan
9955.07697          nan
9959.28640          nan
9963.49481          nan
9967.70424          nan
9971.91164          nan
9976.12107          nan
9980.33050          nan
9984.53891          nan
9988.74834          nan
