duPont:B&C         180913 3045.4  1.911e-15
duPont:B&C         180913 3048.6  1.884e-15
duPont:B&C         180913 3051.7  1.891e-15
duPont:B&C         180913 3054.9  1.950e-15
duPont:B&C         180913 3058.1  1.963e-15
duPont:B&C         180913 3061.2  1.891e-15
duPont:B&C         180913 3064.4  1.847e-15
duPont:B&C         180913 3067.6  1.883e-15
duPont:B&C         180913 3070.8  1.909e-15
duPont:B&C         180913 3073.9  1.892e-15
duPont:B&C         180913 3077.1  1.890e-15
duPont:B&C         180913 3080.3  1.907e-15
duPont:B&C         180913 3083.4  1.884e-15
duPont:B&C         180913 3086.6  1.825e-15
duPont:B&C         180913 3089.8  1.797e-15
duPont:B&C         180913 3093.0  1.806e-15
duPont:B&C         180913 3096.1  1.822e-15
duPont:B&C         180913 3099.3  1.836e-15
duPont:B&C         180913 3102.5  1.850e-15
duPont:B&C         180913 3105.6  1.855e-15
duPont:B&C         180913 3108.8  1.842e-15
duPont:B&C         180913 3112.0  1.823e-15
duPont:B&C         180913 3115.1  1.809e-15
duPont:B&C         180913 3118.3  1.780e-15
duPont:B&C         180913 3121.5  1.737e-15
duPont:B&C         180913 3124.7  1.733e-15
duPont:B&C         180913 3127.8  1.777e-15
duPont:B&C         180913 3131.0  1.800e-15
duPont:B&C         180913 3134.2  1.781e-15
duPont:B&C         180913 3137.3  1.767e-15
duPont:B&C         180913 3140.5  1.757e-15
duPont:B&C         180913 3143.7  1.717e-15
duPont:B&C         180913 3146.9  1.674e-15
duPont:B&C         180913 3150.0  1.678e-15
duPont:B&C         180913 3153.2  1.711e-15
duPont:B&C         180913 3156.4  1.736e-15
duPont:B&C         180913 3159.5  1.732e-15
duPont:B&C         180913 3162.7  1.703e-15
duPont:B&C         180913 3165.9  1.693e-15
duPont:B&C         180913 3169.0  1.715e-15
duPont:B&C         180913 3172.2  1.725e-15
duPont:B&C         180913 3175.4  1.706e-15
duPont:B&C         180913 3178.6  1.670e-15
duPont:B&C         180913 3181.7  1.645e-15
duPont:B&C         180913 3184.9  1.655e-15
duPont:B&C         180913 3188.1  1.671e-15
duPont:B&C         180913 3191.2  1.666e-15
duPont:B&C         180913 3194.4  1.672e-15
duPont:B&C         180913 3197.6  1.699e-15
duPont:B&C         180913 3200.8  1.698e-15
duPont:B&C         180913 3203.9  1.677e-15
duPont:B&C         180913 3207.1  1.696e-15
duPont:B&C         180913 3210.3  1.720e-15
duPont:B&C         180913 3213.4  1.684e-15
duPont:B&C         180913 3216.6  1.628e-15
duPont:B&C         180913 3219.8  1.606e-15
duPont:B&C         180913 3223.0  1.625e-15
duPont:B&C         180913 3226.1  1.661e-15
duPont:B&C         180913 3229.3  1.659e-15
duPont:B&C         180913 3232.5  1.619e-15
duPont:B&C         180913 3235.6  1.580e-15
duPont:B&C         180913 3238.8  1.563e-15
duPont:B&C         180913 3242.0  1.568e-15
duPont:B&C         180913 3245.1  1.589e-15
duPont:B&C         180913 3248.3  1.596e-15
duPont:B&C         180913 3251.5  1.547e-15
duPont:B&C         180913 3254.7  1.494e-15
duPont:B&C         180913 3257.8  1.526e-15
duPont:B&C         180913 3261.0  1.573e-15
duPont:B&C         180913 3264.2  1.541e-15
duPont:B&C         180913 3267.3  1.499e-15
duPont:B&C         180913 3270.5  1.503e-15
duPont:B&C         180913 3273.7  1.541e-15
duPont:B&C         180913 3276.9  1.570e-15
duPont:B&C         180913 3280.0  1.554e-15
duPont:B&C         180913 3283.2  1.509e-15
duPont:B&C         180913 3286.4  1.478e-15
duPont:B&C         180913 3289.5  1.494e-15
duPont:B&C         180913 3292.7  1.528e-15
duPont:B&C         180913 3295.9  1.513e-15
duPont:B&C         180913 3299.0  1.490e-15
duPont:B&C         180913 3302.2  1.517e-15
duPont:B&C         180913 3305.4  1.548e-15
duPont:B&C         180913 3308.6  1.549e-15
duPont:B&C         180913 3311.7  1.538e-15
duPont:B&C         180913 3314.9  1.525e-15
duPont:B&C         180913 3318.1  1.514e-15
duPont:B&C         180913 3321.2  1.513e-15
duPont:B&C         180913 3324.4  1.525e-15
duPont:B&C         180913 3327.6  1.539e-15
duPont:B&C         180913 3330.8  1.536e-15
duPont:B&C         180913 3333.9  1.504e-15
duPont:B&C         180913 3337.1  1.481e-15
duPont:B&C         180913 3340.3  1.479e-15
duPont:B&C         180913 3343.4  1.461e-15
duPont:B&C         180913 3346.6  1.451e-15
duPont:B&C         180913 3349.8  1.485e-15
duPont:B&C         180913 3352.9  1.514e-15
duPont:B&C         180913 3356.1  1.508e-15
duPont:B&C         180913 3359.3  1.492e-15
duPont:B&C         180913 3362.5  1.486e-15
duPont:B&C         180913 3365.6  1.485e-15
duPont:B&C         180913 3368.8  1.456e-15
duPont:B&C         180913 3372.0  1.412e-15
duPont:B&C         180913 3375.1  1.406e-15
duPont:B&C         180913 3378.3  1.425e-15
duPont:B&C         180913 3381.5  1.433e-15
duPont:B&C         180913 3384.7  1.418e-15
duPont:B&C         180913 3387.8  1.409e-15
duPont:B&C         180913 3391.0  1.437e-15
duPont:B&C         180913 3394.2  1.470e-15
duPont:B&C         180913 3397.3  1.483e-15
duPont:B&C         180913 3400.5  1.490e-15
duPont:B&C         180913 3403.7  1.498e-15
duPont:B&C         180913 3406.9  1.505e-15
duPont:B&C         180913 3410.0  1.505e-15
duPont:B&C         180913 3413.2  1.501e-15
duPont:B&C         180913 3416.4  1.500e-15
duPont:B&C         180913 3419.5  1.485e-15
duPont:B&C         180913 3422.7  1.469e-15
duPont:B&C         180913 3425.9  1.496e-15
duPont:B&C         180913 3429.0  1.514e-15
duPont:B&C         180913 3432.2  1.494e-15
duPont:B&C         180913 3435.4  1.491e-15
duPont:B&C         180913 3438.6  1.493e-15
duPont:B&C         180913 3441.7  1.472e-15
duPont:B&C         180913 3444.9  1.458e-15
duPont:B&C         180913 3448.1  1.468e-15
duPont:B&C         180913 3451.2  1.497e-15
duPont:B&C         180913 3454.4  1.528e-15
duPont:B&C         180913 3457.6  1.536e-15
duPont:B&C         180913 3460.8  1.510e-15
duPont:B&C         180913 3463.9  1.473e-15
duPont:B&C         180913 3467.1  1.457e-15
duPont:B&C         180913 3470.3  1.478e-15
duPont:B&C         180913 3473.4  1.487e-15
duPont:B&C         180913 3476.6  1.454e-15
duPont:B&C         180913 3479.8  1.418e-15
duPont:B&C         180913 3482.9  1.421e-15
duPont:B&C         180913 3486.1  1.454e-15
duPont:B&C         180913 3489.3  1.447e-15
duPont:B&C         180913 3492.5  1.433e-15
duPont:B&C         180913 3495.6  1.441e-15
duPont:B&C         180913 3498.8  1.421e-15
duPont:B&C         180913 3502.0  1.398e-15
duPont:B&C         180913 3505.1  1.403e-15
duPont:B&C         180913 3508.3  1.412e-15
duPont:B&C         180913 3511.5  1.418e-15
duPont:B&C         180913 3514.7  1.421e-15
duPont:B&C         180913 3517.8  1.408e-15
duPont:B&C         180913 3521.0  1.381e-15
duPont:B&C         180913 3524.2  1.367e-15
duPont:B&C         180913 3527.3  1.397e-15
duPont:B&C         180913 3530.5  1.419e-15
duPont:B&C         180913 3533.7  1.400e-15
duPont:B&C         180913 3536.9  1.385e-15
duPont:B&C         180913 3540.0  1.415e-15
duPont:B&C         180913 3543.2  1.454e-15
duPont:B&C         180913 3546.4  1.429e-15
duPont:B&C         180913 3549.5  1.378e-15
duPont:B&C         180913 3552.7  1.366e-15
duPont:B&C         180913 3555.9  1.411e-15
duPont:B&C         180913 3559.0  1.444e-15
duPont:B&C         180913 3562.2  1.455e-15
duPont:B&C         180913 3565.4  1.481e-15
duPont:B&C         180913 3568.6  1.511e-15
duPont:B&C         180913 3571.7  1.491e-15
duPont:B&C         180913 3574.9  1.448e-15
duPont:B&C         180913 3578.1  1.497e-15
duPont:B&C         180913 3581.2  1.543e-15
duPont:B&C         180913 3584.4  1.522e-15
duPont:B&C         180913 3587.6  1.504e-15
duPont:B&C         180913 3590.8  1.518e-15
duPont:B&C         180913 3593.9  1.542e-15
duPont:B&C         180913 3597.1  1.561e-15
duPont:B&C         180913 3600.3  1.599e-15
duPont:B&C         180913 3603.4  1.605e-15
duPont:B&C         180913 3606.6  1.587e-15
duPont:B&C         180913 3609.8  1.618e-15
duPont:B&C         180913 3612.9  1.612e-15
duPont:B&C         180913 3616.1  1.572e-15
duPont:B&C         180913 3619.3  1.577e-15
duPont:B&C         180913 3622.5  1.610e-15
duPont:B&C         180913 3625.6  1.599e-15
duPont:B&C         180913 3628.8  1.578e-15
duPont:B&C         180913 3632.0  1.629e-15
duPont:B&C         180913 3635.1  1.646e-15
duPont:B&C         180913 3638.3  1.640e-15
duPont:B&C         180913 3641.5  1.650e-15
duPont:B&C         180913 3644.7  1.623e-15
duPont:B&C         180913 3647.8  1.627e-15
duPont:B&C         180913 3651.0  1.671e-15
duPont:B&C         180913 3654.2  1.693e-15
duPont:B&C         180913 3657.3  1.684e-15
duPont:B&C         180913 3660.5  1.679e-15
duPont:B&C         180913 3663.7  1.684e-15
duPont:B&C         180913 3666.8  1.691e-15
duPont:B&C         180913 3670.0  1.714e-15
duPont:B&C         180913 3673.2  1.721e-15
duPont:B&C         180913 3676.4  1.709e-15
duPont:B&C         180913 3679.5  1.681e-15
duPont:B&C         180913 3682.7  1.586e-15
duPont:B&C         180913 3685.9  1.560e-15
duPont:B&C         180913 3689.0  1.640e-15
duPont:B&C         180913 3692.2  1.707e-15
duPont:B&C         180913 3695.4  1.736e-15
duPont:B&C         180913 3698.6  1.753e-15
duPont:B&C         180913 3701.7  1.768e-15
duPont:B&C         180913 3704.9  1.763e-15
duPont:B&C         180913 3708.1  1.736e-15
duPont:B&C         180913 3711.2  1.714e-15
duPont:B&C         180913 3714.4  1.709e-15
duPont:B&C         180913 3717.6  1.699e-15
duPont:B&C         180913 3720.8  1.672e-15
duPont:B&C         180913 3723.9  1.698e-15
duPont:B&C         180913 3727.1  1.728e-15
duPont:B&C         180913 3730.3  1.710e-15
duPont:B&C         180913 3733.4  1.701e-15
duPont:B&C         180913 3736.6  1.728e-15
duPont:B&C         180913 3739.8  1.692e-15
duPont:B&C         180913 3742.9  1.621e-15
duPont:B&C         180913 3746.1  1.602e-15
duPont:B&C         180913 3749.3  1.597e-15
duPont:B&C         180913 3752.5  1.614e-15
duPont:B&C         180913 3755.6  1.609e-15
duPont:B&C         180913 3758.8  1.591e-15
duPont:B&C         180913 3762.0  1.597e-15
duPont:B&C         180913 3765.1  1.574e-15
duPont:B&C         180913 3768.3  1.574e-15
duPont:B&C         180913 3771.5  1.597e-15
duPont:B&C         180913 3774.7  1.600e-15
duPont:B&C         180913 3777.8  1.595e-15
duPont:B&C         180913 3781.0  1.607e-15
duPont:B&C         180913 3784.2  1.592e-15
duPont:B&C         180913 3787.3  1.580e-15
duPont:B&C         180913 3790.5  1.573e-15
duPont:B&C         180913 3793.7  1.546e-15
duPont:B&C         180913 3796.8  1.557e-15
duPont:B&C         180913 3800.0  1.537e-15
duPont:B&C         180913 3803.2  1.502e-15
duPont:B&C         180913 3806.4  1.450e-15
duPont:B&C         180913 3809.5  1.384e-15
duPont:B&C         180913 3812.7  1.400e-15
duPont:B&C         180913 3815.9  1.491e-15
duPont:B&C         180913 3819.0  1.522e-15
duPont:B&C         180913 3822.2  1.508e-15
duPont:B&C         180913 3825.4  1.514e-15
duPont:B&C         180913 3828.6  1.543e-15
duPont:B&C         180913 3831.7  1.579e-15
duPont:B&C         180913 3834.9  1.572e-15
duPont:B&C         180913 3838.1  1.562e-15
duPont:B&C         180913 3841.2  1.576e-15
duPont:B&C         180913 3844.4  1.563e-15
duPont:B&C         180913 3847.6  1.505e-15
duPont:B&C         180913 3850.8  1.464e-15
duPont:B&C         180913 3853.9  1.438e-15
duPont:B&C         180913 3857.1  1.442e-15
duPont:B&C         180913 3860.3  1.489e-15
duPont:B&C         180913 3863.4  1.524e-15
duPont:B&C         180913 3866.6  1.523e-15
duPont:B&C         180913 3869.8  1.523e-15
duPont:B&C         180913 3872.9  1.511e-15
duPont:B&C         180913 3876.1  1.492e-15
duPont:B&C         180913 3879.3  1.500e-15
duPont:B&C         180913 3882.5  1.511e-15
duPont:B&C         180913 3885.6  1.478e-15
duPont:B&C         180913 3888.8  1.446e-15
duPont:B&C         180913 3892.0  1.439e-15
duPont:B&C         180913 3895.1  1.397e-15
duPont:B&C         180913 3898.3  1.419e-15
duPont:B&C         180913 3901.5  1.431e-15
duPont:B&C         180913 3904.7  1.411e-15
duPont:B&C         180913 3907.8  1.440e-15
duPont:B&C         180913 3911.0  1.463e-15
duPont:B&C         180913 3914.2  1.446e-15
duPont:B&C         180913 3917.3  1.474e-15
duPont:B&C         180913 3920.5  1.478e-15
duPont:B&C         180913 3923.7  1.458e-15
duPont:B&C         180913 3926.8  1.454e-15
duPont:B&C         180913 3930.0  1.454e-15
duPont:B&C         180913 3933.2  1.441e-15
duPont:B&C         180913 3936.4  1.418e-15
duPont:B&C         180913 3939.5  1.413e-15
duPont:B&C         180913 3942.7  1.435e-15
duPont:B&C         180913 3945.9  1.453e-15
duPont:B&C         180913 3949.0  1.466e-15
duPont:B&C         180913 3952.2  1.501e-15
duPont:B&C         180913 3955.4  1.489e-15
duPont:B&C         180913 3958.6  1.482e-15
duPont:B&C         180913 3961.7  1.503e-15
duPont:B&C         180913 3964.9  1.496e-15
duPont:B&C         180913 3968.1  1.454e-15
duPont:B&C         180913 3971.2  1.461e-15
duPont:B&C         180913 3974.4  1.494e-15
duPont:B&C         180913 3977.6  1.468e-15
duPont:B&C         180913 3980.8  1.448e-15
duPont:B&C         180913 3983.9  1.467e-15
duPont:B&C         180913 3987.1  1.463e-15
duPont:B&C         180913 3990.3  1.437e-15
duPont:B&C         180913 3993.4  1.439e-15
duPont:B&C         180913 3996.6  1.472e-15
duPont:B&C         180913 3999.8  1.484e-15
duPont:B&C         180913 4002.9  1.471e-15
duPont:B&C         180913 4006.1  1.453e-15
duPont:B&C         180913 4009.3  1.436e-15
duPont:B&C         180913 4012.5  1.439e-15
duPont:B&C         180913 4015.6  1.438e-15
duPont:B&C         180913 4018.8  1.422e-15
duPont:B&C         180913 4022.0  1.450e-15
duPont:B&C         180913 4025.1  1.484e-15
duPont:B&C         180913 4028.3  1.455e-15
duPont:B&C         180913 4031.5  1.450e-15
duPont:B&C         180913 4034.7  1.468e-15
duPont:B&C         180913 4037.8  1.479e-15
duPont:B&C         180913 4041.0  1.520e-15
duPont:B&C         180913 4044.2  1.544e-15
duPont:B&C         180913 4047.3  1.548e-15
duPont:B&C         180913 4050.5  1.570e-15
duPont:B&C         180913 4053.7  1.578e-15
duPont:B&C         180913 4056.8  1.582e-15
duPont:B&C         180913 4060.0  1.591e-15
duPont:B&C         180913 4063.2  1.649e-15
duPont:B&C         180913 4066.4  1.695e-15
duPont:B&C         180913 4069.5  1.693e-15
duPont:B&C         180913 4072.7  1.717e-15
duPont:B&C         180913 4075.9  1.774e-15
duPont:B&C         180913 4079.0  1.819e-15
duPont:B&C         180913 4082.2  1.802e-15
duPont:B&C         180913 4085.4  1.769e-15
duPont:B&C         180913 4088.6  1.795e-15
duPont:B&C         180913 4091.7  1.832e-15
duPont:B&C         180913 4094.9  1.852e-15
duPont:B&C         180913 4098.1  1.860e-15
duPont:B&C         180913 4101.2  1.851e-15
duPont:B&C         180913 4104.4  1.838e-15
duPont:B&C         180913 4107.6  1.837e-15
duPont:B&C         180913 4110.7  1.811e-15
duPont:B&C         180913 4113.9  1.764e-15
duPont:B&C         180913 4117.1  1.732e-15
duPont:B&C         180913 4120.3  1.708e-15
duPont:B&C         180913 4123.4  1.684e-15
duPont:B&C         180913 4126.6  1.664e-15
duPont:B&C         180913 4129.8  1.645e-15
duPont:B&C         180913 4132.9  1.605e-15
duPont:B&C         180913 4136.1  1.569e-15
duPont:B&C         180913 4139.3  1.548e-15
duPont:B&C         180913 4142.5  1.546e-15
duPont:B&C         180913 4145.6  1.533e-15
duPont:B&C         180913 4148.8  1.506e-15
duPont:B&C         180913 4152.0  1.493e-15
duPont:B&C         180913 4155.1  1.491e-15
duPont:B&C         180913 4158.3  1.485e-15
duPont:B&C         180913 4161.5  1.485e-15
duPont:B&C         180913 4164.7  1.428e-15
duPont:B&C         180913 4167.8  1.421e-15
duPont:B&C         180913 4171.0  1.428e-15
duPont:B&C         180913 4174.2  1.401e-15
duPont:B&C         180913 4177.3  1.396e-15
duPont:B&C         180913 4180.5  1.393e-15
duPont:B&C         180913 4183.7  1.421e-15
duPont:B&C         180913 4186.8  1.432e-15
duPont:B&C         180913 4190.0  1.417e-15
duPont:B&C         180913 4193.2  1.402e-15
duPont:B&C         180913 4196.4  1.396e-15
duPont:B&C         180913 4199.5  1.383e-15
duPont:B&C         180913 4202.7  1.392e-15
duPont:B&C         180913 4205.9  1.418e-15
duPont:B&C         180913 4209.0  1.383e-15
duPont:B&C         180913 4212.2  1.370e-15
duPont:B&C         180913 4215.4  1.392e-15
duPont:B&C         180913 4218.6  1.380e-15
duPont:B&C         180913 4221.7  1.362e-15
duPont:B&C         180913 4224.9  1.366e-15
duPont:B&C         180913 4228.1  1.362e-15
duPont:B&C         180913 4231.2  1.364e-15
duPont:B&C         180913 4234.4  1.369e-15
duPont:B&C         180913 4237.6  1.400e-15
duPont:B&C         180913 4240.7  1.403e-15
duPont:B&C         180913 4243.9  1.374e-15
duPont:B&C         180913 4247.1  1.358e-15
duPont:B&C         180913 4250.3  1.382e-15
duPont:B&C         180913 4253.4  1.405e-15
duPont:B&C         180913 4256.6  1.410e-15
duPont:B&C         180913 4259.8  1.391e-15
duPont:B&C         180913 4262.9  1.409e-15
duPont:B&C         180913 4266.1  1.409e-15
duPont:B&C         180913 4269.3  1.398e-15
duPont:B&C         180913 4272.5  1.393e-15
duPont:B&C         180913 4275.6  1.376e-15
duPont:B&C         180913 4278.8  1.386e-15
duPont:B&C         180913 4282.0  1.422e-15
duPont:B&C         180913 4285.1  1.407e-15
duPont:B&C         180913 4288.3  1.396e-15
duPont:B&C         180913 4291.5  1.437e-15
duPont:B&C         180913 4294.7  1.430e-15
duPont:B&C         180913 4297.8  1.414e-15
duPont:B&C         180913 4301.0  1.420e-15
duPont:B&C         180913 4304.2  1.430e-15
duPont:B&C         180913 4307.3  1.436e-15
duPont:B&C         180913 4310.5  1.453e-15
duPont:B&C         180913 4313.7  1.484e-15
duPont:B&C         180913 4316.8  1.541e-15
duPont:B&C         180913 4320.0  1.564e-15
duPont:B&C         180913 4323.2  1.539e-15
duPont:B&C         180913 4326.4  1.601e-15
duPont:B&C         180913 4329.5  1.635e-15
duPont:B&C         180913 4332.7  1.611e-15
duPont:B&C         180913 4335.9  1.595e-15
duPont:B&C         180913 4339.0  1.607e-15
duPont:B&C         180913 4342.2  1.635e-15
duPont:B&C         180913 4345.4  1.620e-15
duPont:B&C         180913 4348.6  1.628e-15
duPont:B&C         180913 4351.7  1.616e-15
duPont:B&C         180913 4354.9  1.640e-15
duPont:B&C         180913 4358.1  1.634e-15
duPont:B&C         180913 4361.2  1.635e-15
duPont:B&C         180913 4364.4  1.626e-15
duPont:B&C         180913 4367.6  1.612e-15
duPont:B&C         180913 4370.7  1.607e-15
duPont:B&C         180913 4373.9  1.574e-15
duPont:B&C         180913 4377.1  1.558e-15
duPont:B&C         180913 4380.3  1.553e-15
duPont:B&C         180913 4383.4  1.556e-15
duPont:B&C         180913 4386.6  1.543e-15
duPont:B&C         180913 4389.8  1.533e-15
duPont:B&C         180913 4392.9  1.523e-15
duPont:B&C         180913 4396.1  1.514e-15
duPont:B&C         180913 4399.3  1.521e-15
duPont:B&C         180913 4402.5  1.510e-15
duPont:B&C         180913 4405.6  1.486e-15
duPont:B&C         180913 4408.8  1.494e-15
duPont:B&C         180913 4412.0  1.507e-15
duPont:B&C         180913 4415.1  1.490e-15
duPont:B&C         180913 4418.3  1.493e-15
duPont:B&C         180913 4421.5  1.506e-15
duPont:B&C         180913 4424.7  1.503e-15
duPont:B&C         180913 4427.8  1.523e-15
duPont:B&C         180913 4431.0  1.496e-15
duPont:B&C         180913 4434.2  1.502e-15
duPont:B&C         180913 4437.3  1.495e-15
duPont:B&C         180913 4440.5  1.497e-15
duPont:B&C         180913 4443.7  1.512e-15
duPont:B&C         180913 4446.8  1.480e-15
duPont:B&C         180913 4450.0  1.440e-15
duPont:B&C         180913 4453.2  1.468e-15
duPont:B&C         180913 4456.4  1.482e-15
duPont:B&C         180913 4459.5  1.476e-15
duPont:B&C         180913 4462.7  1.443e-15
duPont:B&C         180913 4465.9  1.450e-15
duPont:B&C         180913 4469.0  1.453e-15
duPont:B&C         180913 4472.2  1.466e-15
duPont:B&C         180913 4475.4  1.515e-15
duPont:B&C         180913 4478.6  1.518e-15
duPont:B&C         180913 4481.7  1.491e-15
duPont:B&C         180913 4484.9  1.489e-15
duPont:B&C         180913 4488.1  1.502e-15
duPont:B&C         180913 4491.2  1.498e-15
duPont:B&C         180913 4494.4  1.474e-15
duPont:B&C         180913 4497.6  1.476e-15
duPont:B&C         180913 4500.7  1.469e-15
duPont:B&C         180913 4503.9  1.496e-15
duPont:B&C         180913 4507.1  1.500e-15
duPont:B&C         180913 4510.3  1.497e-15
duPont:B&C         180913 4513.4  1.488e-15
duPont:B&C         180913 4516.6  1.469e-15
duPont:B&C         180913 4519.8  1.458e-15
duPont:B&C         180913 4522.9  1.432e-15
duPont:B&C         180913 4526.1  1.415e-15
duPont:B&C         180913 4529.3  1.445e-15
duPont:B&C         180913 4532.5  1.465e-15
duPont:B&C         180913 4535.6  1.475e-15
duPont:B&C         180913 4538.8  1.492e-15
duPont:B&C         180913 4542.0  1.469e-15
duPont:B&C         180913 4545.1  1.498e-15
duPont:B&C         180913 4548.3  1.484e-15
duPont:B&C         180913 4551.5  1.487e-15
duPont:B&C         180913 4554.6  1.514e-15
duPont:B&C         180913 4557.8  1.500e-15
duPont:B&C         180913 4561.0  1.517e-15
duPont:B&C         180913 4564.2  1.533e-15
duPont:B&C         180913 4567.3  1.511e-15
duPont:B&C         180913 4570.5  1.525e-15
duPont:B&C         180913 4573.7  1.564e-15
duPont:B&C         180913 4576.8  1.542e-15
duPont:B&C         180913 4580.0  1.510e-15
duPont:B&C         180913 4583.2  1.507e-15
duPont:B&C         180913 4586.4  1.514e-15
duPont:B&C         180913 4589.5  1.553e-15
duPont:B&C         180913 4592.7  1.555e-15
duPont:B&C         180913 4595.9  1.529e-15
duPont:B&C         180913 4599.0  1.558e-15
duPont:B&C         180913 4602.2  1.571e-15
duPont:B&C         180913 4605.4  1.575e-15
duPont:B&C         180913 4608.6  1.609e-15
duPont:B&C         180913 4611.7  1.626e-15
duPont:B&C         180913 4614.9  1.637e-15
duPont:B&C         180913 4618.1  1.668e-15
duPont:B&C         180913 4621.2  1.694e-15
duPont:B&C         180913 4624.4  1.705e-15
duPont:B&C         180913 4627.6  1.746e-15
duPont:B&C         180913 4630.7  1.776e-15
duPont:B&C         180913 4633.9  1.790e-15
duPont:B&C         180913 4637.1  1.817e-15
duPont:B&C         180913 4640.3  1.811e-15
duPont:B&C         180913 4643.4  1.826e-15
duPont:B&C         180913 4646.6  1.836e-15
duPont:B&C         180913 4649.8  1.856e-15
duPont:B&C         180913 4652.9  1.868e-15
duPont:B&C         180913 4656.1  1.899e-15
duPont:B&C         180913 4659.3  1.894e-15
duPont:B&C         180913 4662.5  1.869e-15
duPont:B&C         180913 4665.6  1.846e-15
duPont:B&C         180913 4668.8  1.810e-15
duPont:B&C         180913 4672.0  1.824e-15
duPont:B&C         180913 4675.1  1.785e-15
duPont:B&C         180913 4678.3  1.780e-15
duPont:B&C         180913 4681.5  1.753e-15
duPont:B&C         180913 4684.6  1.732e-15
duPont:B&C         180913 4687.8  1.718e-15
duPont:B&C         180913 4691.0  1.733e-15
duPont:B&C         180913 4694.2  1.704e-15
duPont:B&C         180913 4697.3  1.666e-15
duPont:B&C         180913 4700.5  1.659e-15
duPont:B&C         180913 4703.7  1.641e-15
duPont:B&C         180913 4706.8  1.648e-15
duPont:B&C         180913 4710.0  1.640e-15
duPont:B&C         180913 4713.2  1.627e-15
duPont:B&C         180913 4716.4  1.608e-15
duPont:B&C         180913 4719.5  1.608e-15
duPont:B&C         180913 4722.7  1.602e-15
duPont:B&C         180913 4725.9  1.560e-15
duPont:B&C         180913 4729.0  1.541e-15
duPont:B&C         180913 4732.2  1.532e-15
duPont:B&C         180913 4735.4  1.528e-15
duPont:B&C         180913 4738.6  1.489e-15
duPont:B&C         180913 4741.7  1.489e-15
duPont:B&C         180913 4744.9  1.502e-15
duPont:B&C         180913 4748.1  1.489e-15
duPont:B&C         180913 4751.2  1.509e-15
duPont:B&C         180913 4754.4  1.496e-15
duPont:B&C         180913 4757.6  1.456e-15
duPont:B&C         180913 4760.7  1.448e-15
duPont:B&C         180913 4763.9  1.448e-15
duPont:B&C         180913 4767.1  1.440e-15
duPont:B&C         180913 4770.3  1.436e-15
duPont:B&C         180913 4773.4  1.437e-15
duPont:B&C         180913 4776.6  1.445e-15
duPont:B&C         180913 4779.8  1.413e-15
duPont:B&C         180913 4782.9  1.417e-15
duPont:B&C         180913 4786.1  1.418e-15
duPont:B&C         180913 4789.3  1.415e-15
duPont:B&C         180913 4792.5  1.442e-15
duPont:B&C         180913 4795.6  1.436e-15
duPont:B&C         180913 4798.8  1.427e-15
duPont:B&C         180913 4802.0  1.416e-15
duPont:B&C         180913 4805.1  1.422e-15
duPont:B&C         180913 4808.3  1.420e-15
duPont:B&C         180913 4811.5  1.437e-15
duPont:B&C         180913 4814.6  1.455e-15
duPont:B&C         180913 4817.8  1.474e-15
duPont:B&C         180913 4821.0  1.479e-15
duPont:B&C         180913 4824.2  1.480e-15
duPont:B&C         180913 4827.3  1.486e-15
duPont:B&C         180913 4830.5  1.482e-15
duPont:B&C         180913 4833.7  1.481e-15
duPont:B&C         180913 4836.8  1.509e-15
duPont:B&C         180913 4840.0  1.540e-15
duPont:B&C         180913 4843.2  1.558e-15
duPont:B&C         180913 4846.4  1.583e-15
duPont:B&C         180913 4849.5  1.557e-15
duPont:B&C         180913 4852.7  1.571e-15
duPont:B&C         180913 4855.9  1.593e-15
duPont:B&C         180913 4859.0  1.588e-15
duPont:B&C         180913 4862.2  1.609e-15
duPont:B&C         180913 4865.4  1.619e-15
duPont:B&C         180913 4868.6  1.623e-15
duPont:B&C         180913 4871.7  1.636e-15
duPont:B&C         180913 4874.9  1.628e-15
duPont:B&C         180913 4878.1  1.616e-15
duPont:B&C         180913 4881.2  1.608e-15
duPont:B&C         180913 4884.4  1.583e-15
duPont:B&C         180913 4887.6  1.571e-15
duPont:B&C         180913 4890.7  1.545e-15
duPont:B&C         180913 4893.9  1.519e-15
duPont:B&C         180913 4897.1  1.507e-15
duPont:B&C         180913 4900.3  1.491e-15
duPont:B&C         180913 4903.4  1.476e-15
duPont:B&C         180913 4906.6  1.462e-15
duPont:B&C         180913 4909.8  1.466e-15
duPont:B&C         180913 4912.9  1.449e-15
duPont:B&C         180913 4916.1  1.409e-15
duPont:B&C         180913 4919.3  1.399e-15
duPont:B&C         180913 4922.5  1.405e-15
duPont:B&C         180913 4925.6  1.437e-15
duPont:B&C         180913 4928.8  1.420e-15
duPont:B&C         180913 4932.0  1.414e-15
duPont:B&C         180913 4935.1  1.409e-15
duPont:B&C         180913 4938.3  1.383e-15
duPont:B&C         180913 4941.5  1.375e-15
duPont:B&C         180913 4944.6  1.352e-15
duPont:B&C         180913 4947.8  1.346e-15
duPont:B&C         180913 4951.0  1.351e-15
duPont:B&C         180913 4954.2  1.322e-15
duPont:B&C         180913 4957.3  1.319e-15
duPont:B&C         180913 4960.5  1.292e-15
duPont:B&C         180913 4963.7  1.288e-15
duPont:B&C         180913 4966.8  1.288e-15
duPont:B&C         180913 4970.0  1.295e-15
duPont:B&C         180913 4973.2  1.294e-15
duPont:B&C         180913 4976.4  1.265e-15
duPont:B&C         180913 4979.5  1.250e-15
duPont:B&C         180913 4982.7  1.239e-15
duPont:B&C         180913 4985.9  1.236e-15
duPont:B&C         180913 4989.0  1.227e-15
duPont:B&C         180913 4992.2  1.242e-15
duPont:B&C         180913 4995.4  1.258e-15
duPont:B&C         180913 4998.5  1.256e-15
duPont:B&C         180913 5001.7  1.256e-15
duPont:B&C         180913 5004.9  1.249e-15
duPont:B&C         180913 5008.1  1.246e-15
duPont:B&C         180913 5011.2  1.236e-15
duPont:B&C         180913 5014.4  1.224e-15
duPont:B&C         180913 5017.6  1.229e-15
duPont:B&C         180913 5020.7  1.216e-15
duPont:B&C         180913 5023.9  1.203e-15
duPont:B&C         180913 5027.1  1.204e-15
duPont:B&C         180913 5030.3  1.223e-15
duPont:B&C         180913 5033.4  1.223e-15
duPont:B&C         180913 5036.6  1.205e-15
duPont:B&C         180913 5039.8  1.200e-15
duPont:B&C         180913 5042.9  1.203e-15
duPont:B&C         180913 5046.1  1.178e-15
duPont:B&C         180913 5049.3  1.184e-15
duPont:B&C         180913 5052.5  1.174e-15
duPont:B&C         180913 5055.6  1.188e-15
duPont:B&C         180913 5058.8  1.209e-15
duPont:B&C         180913 5062.0  1.177e-15
duPont:B&C         180913 5065.1  1.168e-15
duPont:B&C         180913 5068.3  1.160e-15
duPont:B&C         180913 5071.5  1.160e-15
duPont:B&C         180913 5074.6  1.145e-15
duPont:B&C         180913 5077.8  1.145e-15
duPont:B&C         180913 5081.0  1.136e-15
duPont:B&C         180913 5084.2  1.136e-15
duPont:B&C         180913 5087.3  1.150e-15
duPont:B&C         180913 5090.5  1.139e-15
duPont:B&C         180913 5093.7  1.133e-15
duPont:B&C         180913 5096.8  1.140e-15
duPont:B&C         180913 5100.0  1.143e-15
duPont:B&C         180913 5103.2  1.142e-15
duPont:B&C         180913 5106.4  1.151e-15
duPont:B&C         180913 5109.5  1.153e-15
duPont:B&C         180913 5112.7  1.151e-15
duPont:B&C         180913 5115.9  1.166e-15
duPont:B&C         180913 5119.0  1.163e-15
duPont:B&C         180913 5122.2  1.147e-15
duPont:B&C         180913 5125.4  1.152e-15
duPont:B&C         180913 5128.5  1.145e-15
duPont:B&C         180913 5131.7  1.132e-15
duPont:B&C         180913 5134.9  1.138e-15
duPont:B&C         180913 5138.1  1.146e-15
duPont:B&C         180913 5141.2  1.159e-15
duPont:B&C         180913 5144.4  1.139e-15
duPont:B&C         180913 5147.6  1.138e-15
duPont:B&C         180913 5150.7  1.162e-15
duPont:B&C         180913 5153.9  1.165e-15
duPont:B&C         180913 5157.1  1.151e-15
duPont:B&C         180913 5160.3  1.154e-15
duPont:B&C         180913 5163.4  1.145e-15
duPont:B&C         180913 5166.6  1.107e-15
duPont:B&C         180913 5169.8  1.082e-15
duPont:B&C         180913 5172.9  1.083e-15
duPont:B&C         180913 5176.1  1.109e-15
duPont:B&C         180913 5179.3  1.128e-15
duPont:B&C         180913 5182.5  1.123e-15
duPont:B&C         180913 5185.6  1.114e-15
duPont:B&C         180913 5188.8  1.121e-15
duPont:B&C         180913 5192.0  1.144e-15
duPont:B&C         180913 5195.1  1.154e-15
duPont:B&C         180913 5198.3  1.158e-15
duPont:B&C         180913 5201.5  1.154e-15
duPont:B&C         180913 5204.6  1.140e-15
duPont:B&C         180913 5207.8  1.134e-15
duPont:B&C         180913 5211.0  1.155e-15
duPont:B&C         180913 5214.2  1.170e-15
duPont:B&C         180913 5217.3  1.164e-15
duPont:B&C         180913 5220.5  1.174e-15
duPont:B&C         180913 5223.7  1.175e-15
duPont:B&C         180913 5226.8  1.156e-15
duPont:B&C         180913 5230.0  1.163e-15
duPont:B&C         180913 5233.2  1.181e-15
duPont:B&C         180913 5236.4  1.192e-15
duPont:B&C         180913 5239.5  1.198e-15
duPont:B&C         180913 5242.7  1.210e-15
duPont:B&C         180913 5245.9  1.189e-15
duPont:B&C         180913 5249.0  1.174e-15
duPont:B&C         180913 5252.2  1.174e-15
duPont:B&C         180913 5255.4  1.178e-15
duPont:B&C         180913 5258.5  1.181e-15
duPont:B&C         180913 5261.7  1.163e-15
duPont:B&C         180913 5264.9  1.157e-15
duPont:B&C         180913 5268.1  1.152e-15
duPont:B&C         180913 5271.2  1.154e-15
duPont:B&C         180913 5274.4  1.165e-15
duPont:B&C         180913 5277.6  1.191e-15
duPont:B&C         180913 5280.7  1.200e-15
duPont:B&C         180913 5283.9  1.211e-15
duPont:B&C         180913 5287.1  1.216e-15
duPont:B&C         180913 5290.3  1.206e-15
duPont:B&C         180913 5293.4  1.202e-15
duPont:B&C         180913 5296.6  1.208e-15
duPont:B&C         180913 5299.8  1.202e-15
duPont:B&C         180913 5302.9  1.208e-15
duPont:B&C         180913 5306.1  1.217e-15
duPont:B&C         180913 5309.3  1.230e-15
duPont:B&C         180913 5312.5  1.232e-15
duPont:B&C         180913 5315.6  1.234e-15
duPont:B&C         180913 5318.8  1.242e-15
duPont:B&C         180913 5322.0  1.196e-15
duPont:B&C         180913 5325.1  1.167e-15
duPont:B&C         180913 5328.3  1.182e-15
duPont:B&C         180913 5331.5  1.207e-15
duPont:B&C         180913 5334.6  1.205e-15
duPont:B&C         180913 5337.8  1.204e-15
duPont:B&C         180913 5341.0  1.208e-15
duPont:B&C         180913 5344.2  1.181e-15
duPont:B&C         180913 5347.3  1.183e-15
duPont:B&C         180913 5350.5  1.211e-15
duPont:B&C         180913 5353.7  1.238e-15
duPont:B&C         180913 5356.8  1.241e-15
duPont:B&C         180913 5360.0  1.252e-15
duPont:B&C         180913 5363.2  1.236e-15
duPont:B&C         180913 5366.4  1.198e-15
duPont:B&C         180913 5369.5  1.191e-15
duPont:B&C         180913 5372.7  1.209e-15
duPont:B&C         180913 5375.9  1.213e-15
duPont:B&C         180913 5379.0  1.221e-15
duPont:B&C         180913 5382.2  1.227e-15
duPont:B&C         180913 5385.4  1.224e-15
duPont:B&C         180913 5388.5  1.216e-15
duPont:B&C         180913 5391.7  1.223e-15
duPont:B&C         180913 5394.9  1.203e-15
duPont:B&C         180913 5398.1  1.196e-15
duPont:B&C         180913 5401.2  1.216e-15
duPont:B&C         180913 5404.4  1.199e-15
duPont:B&C         180913 5407.6  1.196e-15
duPont:B&C         180913 5410.7  1.216e-15
duPont:B&C         180913 5413.9  1.240e-15
duPont:B&C         180913 5417.1  1.252e-15
duPont:B&C         180913 5420.3  1.241e-15
duPont:B&C         180913 5423.4  1.237e-15
duPont:B&C         180913 5426.6  1.229e-15
duPont:B&C         180913 5429.8  1.215e-15
duPont:B&C         180913 5432.9  1.210e-15
duPont:B&C         180913 5436.1  1.222e-15
duPont:B&C         180913 5439.3  1.228e-15
duPont:B&C         180913 5442.4  1.229e-15
duPont:B&C         180913 5445.6  1.218e-15
duPont:B&C         180913 5448.8  1.221e-15
duPont:B&C         180913 5452.0  1.227e-15
duPont:B&C         180913 5455.1  1.228e-15
duPont:B&C         180913 5458.3  1.226e-15
duPont:B&C         180913 5461.5  1.210e-15
duPont:B&C         180913 5464.6  1.219e-15
duPont:B&C         180913 5467.8  1.230e-15
duPont:B&C         180913 5471.0  1.205e-15
duPont:B&C         180913 5474.2  1.188e-15
duPont:B&C         180913 5477.3  1.215e-15
duPont:B&C         180913 5480.5  1.237e-15
duPont:B&C         180913 5483.7  1.219e-15
duPont:B&C         180913 5486.8  1.223e-15
duPont:B&C         180913 5490.0  1.214e-15
duPont:B&C         180913 5493.2  1.209e-15
duPont:B&C         180913 5496.4  1.222e-15
duPont:B&C         180913 5499.5  1.208e-15
duPont:B&C         180913 5502.7  1.223e-15
duPont:B&C         180913 5505.9  1.227e-15
duPont:B&C         180913 5509.0  1.200e-15
duPont:B&C         180913 5512.2  1.200e-15
duPont:B&C         180913 5515.4  1.208e-15
duPont:B&C         180913 5518.5  1.218e-15
duPont:B&C         180913 5521.7  1.214e-15
duPont:B&C         180913 5524.9  1.230e-15
duPont:B&C         180913 5528.1  1.220e-15
duPont:B&C         180913 5531.2  1.210e-15
duPont:B&C         180913 5534.4  1.229e-15
duPont:B&C         180913 5537.6  1.243e-15
duPont:B&C         180913 5540.7  1.232e-15
duPont:B&C         180913 5543.9  1.228e-15
duPont:B&C         180913 5547.1  1.223e-15
duPont:B&C         180913 5550.3  1.234e-15
duPont:B&C         180913 5553.4  1.213e-15
duPont:B&C         180913 5556.6  1.217e-15
duPont:B&C         180913 5559.8  1.225e-15
duPont:B&C         180913 5562.9  1.217e-15
duPont:B&C         180913 5566.1  1.200e-15
duPont:B&C         180913 5569.3  1.206e-15
duPont:B&C         180913 5572.4  1.225e-15
duPont:B&C         180913 5575.6  1.278e-15
duPont:B&C         180913 5578.8  1.251e-15
duPont:B&C         180913 5582.0  1.214e-15
duPont:B&C         180913 5585.1  1.200e-15
duPont:B&C         180913 5588.3  1.210e-15
duPont:B&C         180913 5591.5  1.209e-15
duPont:B&C         180913 5594.6  1.209e-15
duPont:B&C         180913 5597.8  1.199e-15
duPont:B&C         180913 5601.0  1.199e-15
duPont:B&C         180913 5604.2  1.210e-15
duPont:B&C         180913 5607.3  1.224e-15
duPont:B&C         180913 5610.5  1.232e-15
duPont:B&C         180913 5613.7  1.219e-15
duPont:B&C         180913 5616.8  1.208e-15
duPont:B&C         180913 5620.0  1.191e-15
duPont:B&C         180913 5623.2  1.210e-15
duPont:B&C         180913 5626.4  1.243e-15
duPont:B&C         180913 5629.5  1.228e-15
duPont:B&C         180913 5632.7  1.224e-15
duPont:B&C         180913 5635.9  1.213e-15
duPont:B&C         180913 5639.0  1.220e-15
duPont:B&C         180913 5642.2  1.219e-15
duPont:B&C         180913 5645.4  1.219e-15
duPont:B&C         180913 5648.5  1.235e-15
duPont:B&C         180913 5651.7  1.250e-15
duPont:B&C         180913 5654.9  1.244e-15
duPont:B&C         180913 5658.1  1.248e-15
duPont:B&C         180913 5661.2  1.247e-15
duPont:B&C         180913 5664.4  1.245e-15
duPont:B&C         180913 5667.6  1.279e-15
duPont:B&C         180913 5670.7  1.289e-15
duPont:B&C         180913 5673.9  1.271e-15
duPont:B&C         180913 5677.1  1.257e-15
duPont:B&C         180913 5680.3  1.244e-15
duPont:B&C         180913 5683.4  1.284e-15
duPont:B&C         180913 5686.6  1.303e-15
duPont:B&C         180913 5689.8  1.300e-15
duPont:B&C         180913 5692.9  1.304e-15
duPont:B&C         180913 5696.1  1.298e-15
duPont:B&C         180913 5699.3  1.302e-15
duPont:B&C         180913 5702.4  1.304e-15
duPont:B&C         180913 5705.6  1.316e-15
duPont:B&C         180913 5708.8  1.324e-15
duPont:B&C         180913 5712.0  1.314e-15
duPont:B&C         180913 5715.1  1.341e-15
duPont:B&C         180913 5718.3  1.367e-15
duPont:B&C         180913 5721.5  1.343e-15
duPont:B&C         180913 5724.6  1.349e-15
duPont:B&C         180913 5727.8  1.366e-15
duPont:B&C         180913 5731.0  1.351e-15
duPont:B&C         180913 5734.2  1.333e-15
duPont:B&C         180913 5737.3  1.347e-15
duPont:B&C         180913 5740.5  1.343e-15
duPont:B&C         180913 5743.7  1.338e-15
duPont:B&C         180913 5746.8  1.334e-15
duPont:B&C         180913 5750.0  1.324e-15
duPont:B&C         180913 5753.2  1.317e-15
duPont:B&C         180913 5756.4  1.314e-15
duPont:B&C         180913 5759.5  1.313e-15
duPont:B&C         180913 5762.7  1.300e-15
duPont:B&C         180913 5765.9  1.301e-15
duPont:B&C         180913 5769.0  1.293e-15
duPont:B&C         180913 5772.2  1.297e-15
duPont:B&C         180913 5775.4  1.301e-15
duPont:B&C         180913 5778.5  1.271e-15
duPont:B&C         180913 5781.7  1.195e-15
duPont:B&C         180913 5784.9  1.102e-15
duPont:B&C         180913 5788.1  1.069e-15
duPont:B&C         180913 5791.2  1.113e-15
duPont:B&C         180913 5794.4  1.193e-15
duPont:B&C         180913 5797.6  1.260e-15
duPont:B&C         180913 5800.7  1.273e-15
duPont:B&C         180913 5803.9  1.251e-15
duPont:B&C         180913 5807.1  1.239e-15
duPont:B&C         180913 5810.3  1.292e-15
duPont:B&C         180913 5813.4  1.325e-15
duPont:B&C         180913 5816.6  1.306e-15
duPont:B&C         180913 5819.8  1.295e-15
duPont:B&C         180913 5822.9  1.296e-15
duPont:B&C         180913 5826.1  1.323e-15
duPont:B&C         180913 5829.3  1.328e-15
duPont:B&C         180913 5832.4  1.303e-15
duPont:B&C         180913 5835.6  1.297e-15
duPont:B&C         180913 5838.8  1.323e-15
duPont:B&C         180913 5842.0  1.320e-15
duPont:B&C         180913 5845.1  1.299e-15
duPont:B&C         180913 5848.3  1.300e-15
duPont:B&C         180913 5851.5  1.322e-15
duPont:B&C         180913 5854.6  1.322e-15
duPont:B&C         180913 5857.8  1.307e-15
duPont:B&C         180913 5861.0  1.304e-15
duPont:B&C         180913 5864.2  1.305e-15
duPont:B&C         180913 5867.3  1.319e-15
duPont:B&C         180913 5870.5  1.326e-15
duPont:B&C         180913 5873.7  1.351e-15
duPont:B&C         180913 5876.8  1.351e-15
duPont:B&C         180913 5880.0  1.339e-15
duPont:B&C         180913 5883.2  1.326e-15
duPont:B&C         180913 5886.3  1.287e-15
duPont:B&C         180913 5889.5  1.277e-15
duPont:B&C         180913 5892.7  1.271e-15
duPont:B&C         180913 5895.9  1.265e-15
duPont:B&C         180913 5899.0  1.278e-15
duPont:B&C         180913 5902.2  1.285e-15
duPont:B&C         180913 5905.4  1.309e-15
duPont:B&C         180913 5908.5  1.310e-15
duPont:B&C         180913 5911.7  1.294e-15
duPont:B&C         180913 5914.9  1.289e-15
duPont:B&C         180913 5918.1  1.281e-15
duPont:B&C         180913 5921.2  1.266e-15
duPont:B&C         180913 5924.4  1.262e-15
duPont:B&C         180913 5927.6  1.249e-15
duPont:B&C         180913 5930.7  1.233e-15
duPont:B&C         180913 5933.9  1.232e-15
duPont:B&C         180913 5937.1  1.247e-15
duPont:B&C         180913 5940.3  1.252e-15
duPont:B&C         180913 5943.4  1.251e-15
duPont:B&C         180913 5946.6  1.247e-15
duPont:B&C         180913 5949.8  1.256e-15
duPont:B&C         180913 5952.9  1.245e-15
duPont:B&C         180913 5956.1  1.234e-15
duPont:B&C         180913 5959.3  1.237e-15
duPont:B&C         180913 5962.4  1.235e-15
duPont:B&C         180913 5965.6  1.223e-15
duPont:B&C         180913 5968.8  1.226e-15
duPont:B&C         180913 5972.0  1.225e-15
duPont:B&C         180913 5975.1  1.224e-15
duPont:B&C         180913 5978.3  1.224e-15
duPont:B&C         180913 5981.5  1.200e-15
duPont:B&C         180913 5984.6  1.196e-15
duPont:B&C         180913 5987.8  1.195e-15
duPont:B&C         180913 5991.0  1.194e-15
duPont:B&C         180913 5994.2  1.198e-15
duPont:B&C         180913 5997.3  1.200e-15
duPont:B&C         180913 6000.5  1.198e-15
duPont:B&C         180913 6003.7  1.188e-15
duPont:B&C         180913 6006.8  1.191e-15
duPont:B&C         180913 6010.0  1.192e-15
duPont:B&C         180913 6013.2  1.180e-15
duPont:B&C         180913 6016.3  1.152e-15
duPont:B&C         180913 6019.5  1.139e-15
duPont:B&C         180913 6022.7  1.155e-15
duPont:B&C         180913 6025.9  1.175e-15
duPont:B&C         180913 6029.0  1.184e-15
duPont:B&C         180913 6032.2  1.187e-15
duPont:B&C         180913 6035.4  1.191e-15
duPont:B&C         180913 6038.5  1.194e-15
duPont:B&C         180913 6041.7  1.190e-15
duPont:B&C         180913 6044.9  1.176e-15
duPont:B&C         180913 6048.1  1.175e-15
duPont:B&C         180913 6051.2  1.182e-15
duPont:B&C         180913 6054.4  1.171e-15
duPont:B&C         180913 6057.6  1.170e-15
duPont:B&C         180913 6060.7  1.170e-15
duPont:B&C         180913 6063.9  1.151e-15
duPont:B&C         180913 6067.1  1.148e-15
duPont:B&C         180913 6070.3  1.161e-15
duPont:B&C         180913 6073.4  1.144e-15
duPont:B&C         180913 6076.6  1.142e-15
duPont:B&C         180913 6079.8  1.135e-15
duPont:B&C         180913 6082.9  1.148e-15
duPont:B&C         180913 6086.1  1.152e-15
duPont:B&C         180913 6089.3  1.140e-15
duPont:B&C         180913 6092.4  1.142e-15
duPont:B&C         180913 6095.6  1.143e-15
duPont:B&C         180913 6098.8  1.143e-15
duPont:B&C         180913 6102.0  1.139e-15
duPont:B&C         180913 6105.1  1.141e-15
duPont:B&C         180913 6108.3  1.134e-15
duPont:B&C         180913 6111.5  1.149e-15
duPont:B&C         180913 6114.6  1.168e-15
duPont:B&C         180913 6117.8  1.145e-15
duPont:B&C         180913 6121.0  1.161e-15
duPont:B&C         180913 6124.2  1.143e-15
duPont:B&C         180913 6127.3  1.131e-15
duPont:B&C         180913 6130.5  1.118e-15
duPont:B&C         180913 6133.7  1.133e-15
duPont:B&C         180913 6136.8  1.133e-15
duPont:B&C         180913 6140.0  1.119e-15
duPont:B&C         180913 6143.2  1.144e-15
duPont:B&C         180913 6146.3  1.158e-15
duPont:B&C         180913 6149.5  1.162e-15
duPont:B&C         180913 6152.7  1.157e-15
duPont:B&C         180913 6155.9  1.118e-15
duPont:B&C         180913 6159.0  1.075e-15
duPont:B&C         180913 6162.2  1.070e-15
duPont:B&C         180913 6165.4  1.063e-15
duPont:B&C         180913 6168.5  1.026e-15
duPont:B&C         180913 6171.7  1.008e-15
duPont:B&C         180913 6174.9  1.036e-15
duPont:B&C         180913 6178.1  1.076e-15
duPont:B&C         180913 6181.2  1.064e-15
duPont:B&C         180913 6184.4  1.095e-15
duPont:B&C         180913 6187.6  1.150e-15
duPont:B&C         180913 6190.7  1.176e-15
duPont:B&C         180913 6193.9  1.137e-15
duPont:B&C         180913 6197.1  1.102e-15
duPont:B&C         180913 6200.3  1.091e-15
duPont:B&C         180913 6203.4  1.086e-15
duPont:B&C         180913 6206.6  1.088e-15
duPont:B&C         180913 6209.8  1.101e-15
duPont:B&C         180913 6212.9  1.089e-15
duPont:B&C         180913 6216.1  1.081e-15
duPont:B&C         180913 6219.3  1.097e-15
duPont:B&C         180913 6222.4  1.121e-15
duPont:B&C         180913 6225.6  1.130e-15
duPont:B&C         180913 6228.8  1.116e-15
duPont:B&C         180913 6232.0  1.106e-15
duPont:B&C         180913 6235.1  1.125e-15
duPont:B&C         180913 6238.3  1.112e-15
duPont:B&C         180913 6241.5  1.072e-15
duPont:B&C         180913 6244.6  1.069e-15
duPont:B&C         180913 6247.8  1.070e-15
duPont:B&C         180913 6251.0  1.088e-15
duPont:B&C         180913 6254.2  1.103e-15
duPont:B&C         180913 6257.3  1.096e-15
duPont:B&C         180913 6260.5  1.109e-15
duPont:B&C         180913 6263.7  1.106e-15
duPont:B&C         180913 6266.8  1.121e-15
duPont:B&C         180913 6270.0  1.134e-15
duPont:B&C         180913 6273.2  1.120e-15
duPont:B&C         180913 6276.3  1.126e-15
duPont:B&C         180913 6279.5  1.122e-15
duPont:B&C         180913 6282.7  1.089e-15
duPont:B&C         180913 6285.9  1.096e-15
duPont:B&C         180913 6289.0  1.148e-15
duPont:B&C         180913 6292.2  1.168e-15
duPont:B&C         180913 6295.4  1.154e-15
duPont:B&C         180913 6298.5  1.144e-15
duPont:B&C         180913 6301.7  1.137e-15
duPont:B&C         180913 6304.9  1.141e-15
duPont:B&C         180913 6308.1  1.149e-15
duPont:B&C         180913 6311.2  1.130e-15
duPont:B&C         180913 6314.4  1.109e-15
duPont:B&C         180913 6317.6  1.139e-15
duPont:B&C         180913 6320.7  1.168e-15
duPont:B&C         180913 6323.9  1.180e-15
duPont:B&C         180913 6327.1  1.185e-15
duPont:B&C         180913 6330.2  1.147e-15
duPont:B&C         180913 6333.4  1.127e-15
duPont:B&C         180913 6336.6  1.130e-15
duPont:B&C         180913 6339.8  1.143e-15
duPont:B&C         180913 6342.9  1.146e-15
duPont:B&C         180913 6346.1  1.162e-15
duPont:B&C         180913 6349.3  1.184e-15
duPont:B&C         180913 6352.4  1.199e-15
duPont:B&C         180913 6355.6  1.202e-15
duPont:B&C         180913 6358.8  1.179e-15
duPont:B&C         180913 6362.0  1.142e-15
duPont:B&C         180913 6365.1  1.151e-15
duPont:B&C         180913 6368.3  1.200e-15
duPont:B&C         180913 6371.5  1.241e-15
duPont:B&C         180913 6374.6  1.247e-15
duPont:B&C         180913 6377.8  1.260e-15
duPont:B&C         180913 6381.0  1.262e-15
duPont:B&C         180913 6384.2  1.281e-15
duPont:B&C         180913 6387.3  1.297e-15
duPont:B&C         180913 6390.5  1.290e-15
duPont:B&C         180913 6393.7  1.291e-15
duPont:B&C         180913 6396.8  1.295e-15
duPont:B&C         180913 6400.0  1.289e-15
duPont:B&C         180913 6403.2  1.298e-15
duPont:B&C         180913 6406.3  1.340e-15
duPont:B&C         180913 6409.5  1.356e-15
duPont:B&C         180913 6412.7  1.358e-15
duPont:B&C         180913 6415.9  1.361e-15
duPont:B&C         180913 6419.0  1.363e-15
duPont:B&C         180913 6422.2  1.362e-15
duPont:B&C         180913 6425.4  1.371e-15
duPont:B&C         180913 6428.5  1.372e-15
duPont:B&C         180913 6431.7  1.363e-15
duPont:B&C         180913 6434.9  1.360e-15
duPont:B&C         180913 6438.1  1.392e-15
duPont:B&C         180913 6441.2  1.445e-15
duPont:B&C         180913 6444.4  1.456e-15
duPont:B&C         180913 6447.6  1.443e-15
duPont:B&C         180913 6450.7  1.465e-15
duPont:B&C         180913 6453.9  1.471e-15
duPont:B&C         180913 6457.1  1.465e-15
duPont:B&C         180913 6460.2  1.485e-15
duPont:B&C         180913 6463.4  1.476e-15
duPont:B&C         180913 6466.6  1.459e-15
duPont:B&C         180913 6469.8  1.456e-15
duPont:B&C         180913 6472.9  1.472e-15
duPont:B&C         180913 6476.1  1.475e-15
duPont:B&C         180913 6479.3  1.496e-15
duPont:B&C         180913 6482.4  1.508e-15
duPont:B&C         180913 6485.6  1.535e-15
duPont:B&C         180913 6488.8  1.571e-15
duPont:B&C         180913 6492.0  1.597e-15
duPont:B&C         180913 6495.1  1.595e-15
duPont:B&C         180913 6498.3  1.581e-15
duPont:B&C         180913 6501.5  1.602e-15
duPont:B&C         180913 6504.6  1.619e-15
duPont:B&C         180913 6507.8  1.622e-15
duPont:B&C         180913 6511.0  1.615e-15
duPont:B&C         180913 6514.2  1.614e-15
duPont:B&C         180913 6517.3  1.615e-15
duPont:B&C         180913 6520.5  1.638e-15
duPont:B&C         180913 6523.7  1.674e-15
duPont:B&C         180913 6526.8  1.728e-15
duPont:B&C         180913 6530.0  1.800e-15
duPont:B&C         180913 6533.2  1.843e-15
duPont:B&C         180913 6536.3  1.881e-15
duPont:B&C         180913 6539.5  1.939e-15
duPont:B&C         180913 6542.7  1.936e-15
duPont:B&C         180913 6545.9  1.946e-15
duPont:B&C         180913 6549.0  1.962e-15
duPont:B&C         180913 6552.2  1.968e-15
duPont:B&C         180913 6555.4  1.980e-15
duPont:B&C         180913 6558.5  1.972e-15
duPont:B&C         180913 6561.7  1.963e-15
duPont:B&C         180913 6564.9  1.961e-15
duPont:B&C         180913 6568.1  1.976e-15
duPont:B&C         180913 6571.2  2.021e-15
duPont:B&C         180913 6574.4  2.063e-15
duPont:B&C         180913 6577.6  2.057e-15
duPont:B&C         180913 6580.7  2.060e-15
duPont:B&C         180913 6583.9  2.031e-15
duPont:B&C         180913 6587.1  2.019e-15
duPont:B&C         180913 6590.2  2.018e-15
duPont:B&C         180913 6593.4  2.030e-15
duPont:B&C         180913 6596.6  1.998e-15
duPont:B&C         180913 6599.8  1.949e-15
duPont:B&C         180913 6602.9  1.931e-15
duPont:B&C         180913 6606.1  1.922e-15
duPont:B&C         180913 6609.3  1.853e-15
duPont:B&C         180913 6612.4  1.820e-15
duPont:B&C         180913 6615.6  1.798e-15
duPont:B&C         180913 6618.8  1.753e-15
duPont:B&C         180913 6622.0  1.709e-15
duPont:B&C         180913 6625.1  1.655e-15
duPont:B&C         180913 6628.3  1.636e-15
duPont:B&C         180913 6631.5  1.604e-15
duPont:B&C         180913 6634.6  1.614e-15
duPont:B&C         180913 6637.8  1.634e-15
duPont:B&C         180913 6641.0  1.648e-15
duPont:B&C         180913 6644.2  1.693e-15
duPont:B&C         180913 6647.3  1.703e-15
duPont:B&C         180913 6650.5  1.714e-15
duPont:B&C         180913 6653.7  1.719e-15
duPont:B&C         180913 6656.8  1.700e-15
duPont:B&C         180913 6660.0  1.697e-15
duPont:B&C         180913 6663.2  1.669e-15
duPont:B&C         180913 6666.3  1.631e-15
duPont:B&C         180913 6669.5  1.595e-15
duPont:B&C         180913 6672.7  1.552e-15
duPont:B&C         180913 6675.9  1.520e-15
duPont:B&C         180913 6679.0  1.507e-15
duPont:B&C         180913 6682.2  1.487e-15
duPont:B&C         180913 6685.4  1.464e-15
duPont:B&C         180913 6688.5  1.481e-15
duPont:B&C         180913 6691.7  1.506e-15
duPont:B&C         180913 6694.9  1.521e-15
duPont:B&C         180913 6698.1  1.502e-15
duPont:B&C         180913 6701.2  1.527e-15
duPont:B&C         180913 6704.4  1.543e-15
duPont:B&C         180913 6707.6  1.551e-15
duPont:B&C         180913 6710.7  1.504e-15
duPont:B&C         180913 6713.9  1.435e-15
duPont:B&C         180913 6717.1  1.394e-15
duPont:B&C         180913 6720.2  1.335e-15
duPont:B&C         180913 6723.4  1.292e-15
duPont:B&C         180913 6726.6  1.285e-15
duPont:B&C         180913 6729.8  1.278e-15
duPont:B&C         180913 6732.9  1.287e-15
duPont:B&C         180913 6736.1  1.301e-15
duPont:B&C         180913 6739.3  1.339e-15
duPont:B&C         180913 6742.4  1.298e-15
duPont:B&C         180913 6745.6  1.125e-15
duPont:B&C         180913 6748.8  1.006e-15
duPont:B&C         180913 6752.0  1.021e-15
duPont:B&C         180913 6755.1  1.090e-15
duPont:B&C         180913 6758.3  1.199e-15
duPont:B&C         180913 6761.5  1.211e-15
duPont:B&C         180913 6764.6  1.146e-15
duPont:B&C         180913 6767.8  1.087e-15
duPont:B&C         180913 6771.0  1.077e-15
duPont:B&C         180913 6774.1  1.094e-15
duPont:B&C         180913 6777.3  1.105e-15
duPont:B&C         180913 6780.5  1.133e-15
duPont:B&C         180913 6783.7  1.177e-15
duPont:B&C         180913 6786.8  1.204e-15
duPont:B&C         180913 6790.0  1.228e-15
duPont:B&C         180913 6793.2  1.267e-15
duPont:B&C         180913 6796.3  1.284e-15
duPont:B&C         180913 6799.5  1.287e-15
duPont:B&C         180913 6802.7  1.283e-15
duPont:B&C         180913 6805.9  1.261e-15
duPont:B&C         180913 6809.0  1.229e-15
duPont:B&C         180913 6812.2  1.207e-15
duPont:B&C         180913 6815.4  1.171e-15
duPont:B&C         180913 6818.5  1.159e-15
duPont:B&C         180913 6821.7  1.130e-15
duPont:B&C         180913 6824.9  1.133e-15
duPont:B&C         180913 6828.1  1.134e-15
duPont:B&C         180913 6831.2  1.182e-15
duPont:B&C         180913 6834.4  1.251e-15
duPont:B&C         180913 6837.6  1.255e-15
duPont:B&C         180913 6840.7  1.246e-15
duPont:B&C         180913 6843.9  1.272e-15
duPont:B&C         180913 6847.1  1.255e-15
duPont:B&C         180913 6850.2  1.217e-15
duPont:B&C         180913 6853.4  1.175e-15
duPont:B&C         180913 6856.6  1.145e-15
duPont:B&C         180913 6859.8  1.129e-15
duPont:B&C         180913 6862.9  1.119e-15
duPont:B&C         180913 6866.1  1.135e-15
duPont:B&C         180913 6869.3  1.208e-15
duPont:B&C         180913 6872.4  1.260e-15
duPont:B&C         180913 6875.6  1.273e-15
duPont:B&C         180913 6878.8  1.248e-15
duPont:B&C         180913 6882.0  1.220e-15
duPont:B&C         180913 6885.1  1.193e-15
duPont:B&C         180913 6888.3  1.159e-15
duPont:B&C         180913 6891.5  1.160e-15
duPont:B&C         180913 6894.6  1.164e-15
duPont:B&C         180913 6897.8  1.181e-15
duPont:B&C         180913 6901.0  1.210e-15
duPont:B&C         180913 6904.1  1.240e-15
duPont:B&C         180913 6907.3  1.281e-15
duPont:B&C         180913 6910.5  1.266e-15
duPont:B&C         180913 6913.7  1.200e-15
duPont:B&C         180913 6916.8  1.143e-15
duPont:B&C         180913 6920.0  1.128e-15
duPont:B&C         180913 6923.2  1.139e-15
duPont:B&C         180913 6926.3  1.184e-15
duPont:B&C         180913 6929.5  1.242e-15
duPont:B&C         180913 6932.7  1.300e-15
duPont:B&C         180913 6935.9  1.321e-15
duPont:B&C         180913 6939.0  1.289e-15
duPont:B&C         180913 6942.2  1.261e-15
duPont:B&C         180913 6945.4  1.221e-15
duPont:B&C         180913 6948.5  1.159e-15
duPont:B&C         180913 6951.7  1.130e-15
duPont:B&C         180913 6954.9  1.135e-15
duPont:B&C         180913 6958.1  1.124e-15
duPont:B&C         180913 6961.2  1.154e-15
duPont:B&C         180913 6964.4  1.201e-15
duPont:B&C         180913 6967.6  1.237e-15
duPont:B&C         180913 6970.7  1.286e-15
duPont:B&C         180913 6973.9  1.270e-15
duPont:B&C         180913 6977.1  1.231e-15
duPont:B&C         180913 6980.2  1.166e-15
duPont:B&C         180913 6983.4  1.120e-15
duPont:B&C         180913 6986.6  1.104e-15
duPont:B&C         180913 6989.8  1.103e-15
duPont:B&C         180913 6992.9  1.140e-15
duPont:B&C         180913 6996.1  1.174e-15
duPont:B&C         180913 6999.3  1.204e-15
duPont:B&C         180913 7002.4  1.281e-15
duPont:B&C         180913 7005.6  1.307e-15
duPont:B&C         180913 7008.8  1.301e-15
duPont:B&C         180913 7012.0  1.261e-15
duPont:B&C         180913 7015.1  1.209e-15
duPont:B&C         180913 7018.3  1.173e-15
duPont:B&C         180913 7021.5  1.098e-15
duPont:B&C         180913 7024.6  1.081e-15
duPont:B&C         180913 7027.8  1.113e-15
duPont:B&C         180913 7031.0  1.143e-15
duPont:B&C         180913 7034.1  1.181e-15
duPont:B&C         180913 7037.3  1.203e-15
duPont:B&C         180913 7040.5  1.248e-15
duPont:B&C         180913 7043.7  1.278e-15
duPont:B&C         180913 7046.8  1.278e-15
duPont:B&C         180913 7050.0  1.241e-15
duPont:B&C         180913 7053.2  1.219e-15
duPont:B&C         180913 7056.3  1.182e-15
duPont:B&C         180913 7059.5  1.121e-15
duPont:B&C         180913 7062.7  1.090e-15
duPont:B&C         180913 7065.9  1.073e-15
duPont:B&C         180913 7069.0  1.081e-15
duPont:B&C         180913 7072.2  1.098e-15
duPont:B&C         180913 7075.4  1.086e-15
duPont:B&C         180913 7078.5  1.120e-15
duPont:B&C         180913 7081.7  1.185e-15
duPont:B&C         180913 7084.9  1.215e-15
duPont:B&C         180913 7088.1  1.236e-15
duPont:B&C         180913 7091.2  1.232e-15
duPont:B&C         180913 7094.4  1.217e-15
duPont:B&C         180913 7097.6  1.281e-15
duPont:B&C         180913 7100.7  1.274e-15
duPont:B&C         180913 7103.9  1.225e-15
duPont:B&C         180913 7107.1  1.186e-15
duPont:B&C         180913 7110.2  1.145e-15
duPont:B&C         180913 7113.4  1.132e-15
duPont:B&C         180913 7116.6  1.104e-15
duPont:B&C         180913 7119.8  1.096e-15
duPont:B&C         180913 7122.9  1.073e-15
duPont:B&C         180913 7126.1  1.068e-15
duPont:B&C         180913 7129.3  1.085e-15
duPont:B&C         180913 7132.4  1.098e-15
duPont:B&C         180913 7135.6  1.125e-15
duPont:B&C         180913 7138.8  1.150e-15
duPont:B&C         180913 7142.0  1.195e-15
duPont:B&C         180913 7145.1  1.221e-15
duPont:B&C         180913 7148.3  1.245e-15
duPont:B&C         180913 7151.5  1.239e-15
duPont:B&C         180913 7154.6  1.221e-15
duPont:B&C         180913 7157.8  1.199e-15
duPont:B&C         180913 7161.0  1.193e-15
duPont:B&C         180913 7164.1  1.197e-15
duPont:B&C         180913 7167.3  1.168e-15
duPont:B&C         180913 7170.5  1.154e-15
duPont:B&C         180913 7173.7  1.132e-15
duPont:B&C         180913 7176.8  1.096e-15
duPont:B&C         180913 7180.0  1.072e-15
duPont:B&C         180913 7183.2  1.084e-15
duPont:B&C         180913 7186.3  1.096e-15
duPont:B&C         180913 7189.5  1.103e-15
duPont:B&C         180913 7192.7  1.079e-15
duPont:B&C         180913 7195.9  1.123e-15
duPont:B&C         180913 7199.0  1.127e-15
duPont:B&C         180913 7202.2  1.119e-15
duPont:B&C         180913 7205.4  1.140e-15
duPont:B&C         180913 7208.5  1.212e-15
duPont:B&C         180913 7211.7  1.266e-15
duPont:B&C         180913 7214.9  1.266e-15
duPont:B&C         180913 7218.0  1.260e-15
duPont:B&C         180913 7221.2  1.236e-15
duPont:B&C         180913 7224.4  1.230e-15
duPont:B&C         180913 7227.6  1.203e-15
duPont:B&C         180913 7230.7  1.155e-15
duPont:B&C         180913 7233.9  1.117e-15
duPont:B&C         180913 7237.1  1.090e-15
duPont:B&C         180913 7240.2  1.106e-15
duPont:B&C         180913 7243.4  1.095e-15
duPont:B&C         180913 7246.6  1.113e-15
duPont:B&C         180913 7249.8  1.152e-15
duPont:B&C         180913 7252.9  1.190e-15
duPont:B&C         180913 7256.1  1.208e-15
duPont:B&C         180913 7259.3  1.245e-15
duPont:B&C         180913 7262.4  1.276e-15
duPont:B&C         180913 7265.6  1.276e-15
duPont:B&C         180913 7268.8  1.289e-15
duPont:B&C         180913 7272.0  1.298e-15
duPont:B&C         180913 7275.1  1.222e-15
duPont:B&C         180913 7278.3  1.184e-15
duPont:B&C         180913 7281.5  1.145e-15
duPont:B&C         180913 7284.6  1.099e-15
duPont:B&C         180913 7287.8  1.091e-15
duPont:B&C         180913 7291.0  1.050e-15
duPont:B&C         180913 7294.1  1.042e-15
duPont:B&C         180913 7297.3  1.054e-15
duPont:B&C         180913 7300.5  1.063e-15
duPont:B&C         180913 7303.7  1.088e-15
duPont:B&C         180913 7306.8  1.167e-15
duPont:B&C         180913 7310.0  1.192e-15
duPont:B&C         180913 7313.2  1.225e-15
duPont:B&C         180913 7316.3  1.251e-15
duPont:B&C         180913 7319.5  1.282e-15
duPont:B&C         180913 7322.7  1.254e-15
duPont:B&C         180913 7325.9  1.249e-15
duPont:B&C         180913 7329.0  1.254e-15
duPont:B&C         180913 7332.2  1.309e-15
duPont:B&C         180913 7335.4  1.309e-15
duPont:B&C         180913 7338.5  1.294e-15
duPont:B&C         180913 7341.7  1.259e-15
duPont:B&C         180913 7344.9  1.201e-15
duPont:B&C         180913 7348.0  1.129e-15
duPont:B&C         180913 7351.2  1.127e-15
duPont:B&C         180913 7354.4  1.125e-15
duPont:B&C         180913 7357.6  1.082e-15
duPont:B&C         180913 7360.7  1.050e-15
duPont:B&C         180913 7363.9  1.044e-15
duPont:B&C         180913 7367.1  1.044e-15
duPont:B&C         180913 7370.2  1.071e-15
duPont:B&C         180913 7373.4  1.092e-15
duPont:B&C         180913 7376.6  1.121e-15
duPont:B&C         180913 7379.8  1.156e-15
duPont:B&C         180913 7382.9  1.167e-15
duPont:B&C         180913 7386.1  1.192e-15
duPont:B&C         180913 7389.3  1.289e-15
duPont:B&C         180913 7392.4  1.297e-15
duPont:B&C         180913 7395.6  1.271e-15
duPont:B&C         180913 7398.8  1.300e-15
duPont:B&C         180913 7402.0  1.335e-15
duPont:B&C         180913 7405.1  1.292e-15
duPont:B&C         180913 7408.3  1.255e-15
duPont:B&C         180913 7411.5  1.207e-15
duPont:B&C         180913 7414.6  1.166e-15
duPont:B&C         180913 7417.8  1.112e-15
duPont:B&C         180913 7421.0  1.054e-15
duPont:B&C         180913 7424.1  1.014e-15
duPont:B&C         180913 7427.3  9.772e-16
duPont:B&C         180913 7430.5  1.014e-15
duPont:B&C         180913 7433.7  1.031e-15
duPont:B&C         180913 7436.8  1.031e-15
duPont:B&C         180913 7440.0  1.072e-15
duPont:B&C         180913 7443.2  1.098e-15
duPont:B&C         180913 7446.3  1.165e-15
duPont:B&C         180913 7449.5  1.213e-15
duPont:B&C         180913 7452.7  1.211e-15
duPont:B&C         180913 7455.9  1.107e-15
duPont:B&C         180913 7459.0  8.796e-16
duPont:B&C         180913 7462.2  6.297e-16
duPont:B&C         180913 7465.4  4.538e-16
duPont:B&C         180913 7468.5  3.655e-16
duPont:B&C         180913 7471.7  3.494e-16
duPont:B&C         180913 7474.9  4.187e-16
duPont:B&C         180913 7478.0  5.538e-16
duPont:B&C         180913 7481.2  7.060e-16
duPont:B&C         180913 7484.4  7.784e-16
duPont:B&C         180913 7487.6  6.801e-16
duPont:B&C         180913 7490.7  5.539e-16
duPont:B&C         180913 7493.9  5.115e-16
duPont:B&C         180913 7497.1  5.796e-16
duPont:B&C         180913 7500.2  6.614e-16
duPont:B&C         180913 7503.4  7.057e-16
duPont:B&C         180913 7506.6  7.646e-16
duPont:B&C         180913 7509.8  8.285e-16
duPont:B&C         180913 7512.9  8.851e-16
duPont:B&C         180913 7516.1  9.356e-16
duPont:B&C         180913 7519.3  9.825e-16
duPont:B&C         180913 7522.4  1.021e-15
duPont:B&C         180913 7525.6  1.016e-15
duPont:B&C         180913 7528.8  9.601e-16
duPont:B&C         180913 7532.0  9.608e-16
duPont:B&C         180913 7535.1  9.743e-16
duPont:B&C         180913 7538.3  9.518e-16
duPont:B&C         180913 7541.5  9.822e-16
duPont:B&C         180913 7544.6  1.023e-15
duPont:B&C         180913 7547.8  9.809e-16
duPont:B&C         180913 7551.0  9.967e-16
duPont:B&C         180913 7554.1  1.065e-15
duPont:B&C         180913 7557.3  1.142e-15
duPont:B&C         180913 7560.5  1.156e-15
duPont:B&C         180913 7563.7  1.210e-15
duPont:B&C         180913 7566.8  1.260e-15
duPont:B&C         180913 7570.0  1.286e-15
duPont:B&C         180913 7573.2  1.353e-15
duPont:B&C         180913 7576.3  1.410e-15
duPont:B&C         180913 7579.5  1.393e-15
duPont:B&C         180913 7582.7  1.265e-15
duPont:B&C         180913 7585.9  1.177e-15
duPont:B&C         180913 7589.0  1.131e-15
duPont:B&C         180913 7592.2  1.104e-15
duPont:B&C         180913 7595.4  1.086e-15
duPont:B&C         180913 7598.5  1.091e-15
duPont:B&C         180913 7601.7  1.015e-15
duPont:B&C         180913 7604.9  1.003e-15
duPont:B&C         180913 7608.0  9.820e-16
duPont:B&C         180913 7611.2  9.832e-16
duPont:B&C         180913 7614.4  9.347e-16
duPont:B&C         180913 7617.6  9.931e-16
duPont:B&C         180913 7620.7  1.019e-15
duPont:B&C         180913 7623.9  1.033e-15
duPont:B&C         180913 7627.1  1.159e-15
duPont:B&C         180913 7630.2  2.056e-15
duPont:B&C         180913 7633.4  3.055e-15
duPont:B&C         180913 7636.6  2.177e-15
duPont:B&C         180913 7639.8  1.278e-15
duPont:B&C         180913 7642.9  1.311e-15
duPont:B&C         180913 7646.1  1.331e-15
duPont:B&C         180913 7649.3  1.348e-15
duPont:B&C         180913 7652.4  1.334e-15
duPont:B&C         180913 7655.6  1.357e-15
duPont:B&C         180913 7658.8  1.308e-15
duPont:B&C         180913 7661.9  1.251e-15
duPont:B&C         180913 7665.1  1.223e-15
duPont:B&C         180913 7668.3  1.200e-15
duPont:B&C         180913 7671.5  1.153e-15
duPont:B&C         180913 7674.6  1.107e-15
duPont:B&C         180913 7677.8  1.080e-15
duPont:B&C         180913 7681.0  1.059e-15
duPont:B&C         180913 7684.1  1.073e-15
duPont:B&C         180913 7687.3  1.067e-15
duPont:B&C         180913 7690.5  1.004e-15
duPont:B&C         180913 7693.7  1.007e-15
duPont:B&C         180913 7696.8  1.005e-15
duPont:B&C         180913 7700.0  9.648e-16
duPont:B&C         180913 7703.2  9.535e-16
duPont:B&C         180913 7706.3  9.337e-16
duPont:B&C         180913 7709.5  9.176e-16
duPont:B&C         180913 7712.7  1.009e-15
duPont:B&C         180913 7715.9  1.051e-15
duPont:B&C         180913 7719.0  1.129e-15
duPont:B&C         180913 7722.2  1.147e-15
duPont:B&C         180913 7725.4  1.164e-15
duPont:B&C         180913 7728.5  1.182e-15
duPont:B&C         180913 7731.7  1.202e-15
duPont:B&C         180913 7734.9  1.256e-15
duPont:B&C         180913 7738.0  1.355e-15
duPont:B&C         180913 7741.2  1.367e-15
duPont:B&C         180913 7744.4  1.339e-15
duPont:B&C         180913 7747.6  1.357e-15
duPont:B&C         180913 7750.7  1.383e-15
duPont:B&C         180913 7753.9  1.304e-15
duPont:B&C         180913 7757.1  1.256e-15
duPont:B&C         180913 7760.2  1.205e-15
duPont:B&C         180913 7763.4  1.158e-15
duPont:B&C         180913 7766.6  1.112e-15
duPont:B&C         180913 7769.8  1.109e-15
duPont:B&C         180913 7772.9  1.172e-15
duPont:B&C         180913 7776.1  1.099e-15
duPont:B&C         180913 7779.3  1.077e-15
duPont:B&C         180913 7782.4  1.032e-15
duPont:B&C         180913 7785.6  1.018e-15
duPont:B&C         180913 7788.8  9.695e-16
duPont:B&C         180913 7791.9  9.871e-16
duPont:B&C         180913 7795.1  1.007e-15
duPont:B&C         180913 7798.3  9.935e-16
duPont:B&C         180913 7801.5  9.733e-16
duPont:B&C         180913 7804.6  1.022e-15
duPont:B&C         180913 7807.8  1.077e-15
duPont:B&C         180913 7811.0  1.155e-15
duPont:B&C         180913 7814.1  1.180e-15
duPont:B&C         180913 7817.3  1.243e-15
duPont:B&C         180913 7820.5  1.340e-15
duPont:B&C         180913 7823.7  1.455e-15
duPont:B&C         180913 7826.8  1.446e-15
duPont:B&C         180913 7830.0  1.388e-15
duPont:B&C         180913 7833.2  1.311e-15
duPont:B&C         180913 7836.3  1.315e-15
duPont:B&C         180913 7839.5  1.304e-15
duPont:B&C         180913 7842.7  1.272e-15
duPont:B&C         180913 7845.9  1.194e-15
duPont:B&C         180913 7849.0  1.117e-15
duPont:B&C         180913 7852.2  1.061e-15
duPont:B&C         180913 7855.4  1.032e-15
duPont:B&C         180913 7858.5  1.003e-15
duPont:B&C         180913 7861.7  9.942e-16
duPont:B&C         180913 7864.9  9.534e-16
duPont:B&C         180913 7868.0  9.639e-16
duPont:B&C         180913 7871.2  9.701e-16
duPont:B&C         180913 7874.4  9.850e-16
duPont:B&C         180913 7877.6  1.075e-15
duPont:B&C         180913 7880.7  1.132e-15
duPont:B&C         180913 7883.9  1.258e-15
duPont:B&C         180913 7887.1  1.370e-15
duPont:B&C         180913 7890.2  1.349e-15
duPont:B&C         180913 7893.4  1.366e-15
duPont:B&C         180913 7896.6  1.346e-15
duPont:B&C         180913 7899.8  1.314e-15
duPont:B&C         180913 7902.9  1.310e-15
duPont:B&C         180913 7906.1  1.241e-15
duPont:B&C         180913 7909.3  1.158e-15
duPont:B&C         180913 7912.4  1.058e-15
duPont:B&C         180913 7915.6  9.965e-16
duPont:B&C         180913 7918.8  9.866e-16
duPont:B&C         180913 7921.9  9.830e-16
duPont:B&C         180913 7925.1  9.841e-16
duPont:B&C         180913 7928.3  1.010e-15
duPont:B&C         180913 7931.5  1.037e-15
duPont:B&C         180913 7934.6  1.079e-15
duPont:B&C         180913 7937.8  1.095e-15
duPont:B&C         180913 7941.0  1.101e-15
duPont:B&C         180913 7944.1  1.166e-15
duPont:B&C         180913 7947.3  1.268e-15
duPont:B&C         180913 7950.5  1.356e-15
duPont:B&C         180913 7953.7  1.367e-15
duPont:B&C         180913 7956.8  1.409e-15
duPont:B&C         180913 7960.0  1.442e-15
duPont:B&C         180913 7963.2  1.378e-15
duPont:B&C         180913 7966.3  1.338e-15
duPont:B&C         180913 7969.5  1.313e-15
duPont:B&C         180913 7972.7  1.299e-15
duPont:B&C         180913 7975.9  1.206e-15
duPont:B&C         180913 7979.0  1.130e-15
duPont:B&C         180913 7982.2  1.068e-15
duPont:B&C         180913 7985.4  1.043e-15
duPont:B&C         180913 7988.5  1.003e-15
duPont:B&C         180913 7991.7  9.727e-16
duPont:B&C         180913 7994.9  9.496e-16
duPont:B&C         180913 7998.0  1.008e-15
duPont:B&C         180913 8001.2  1.066e-15
duPont:B&C         180913 8004.4  1.074e-15
duPont:B&C         180913 8007.6  1.151e-15
duPont:B&C         180913 8010.7  1.172e-15
duPont:B&C         180913 8013.9  1.227e-15
duPont:B&C         180913 8017.1  1.297e-15
duPont:B&C         180913 8020.2  1.295e-15
duPont:B&C         180913 8023.4  1.329e-15
duPont:B&C         180913 8026.6  1.317e-15
duPont:B&C         180913 8029.8  1.322e-15
duPont:B&C         180913 8032.9  1.314e-15
duPont:B&C         180913 8036.1  1.313e-15
duPont:B&C         180913 8039.3  1.263e-15
duPont:B&C         180913 8042.4  1.151e-15
duPont:B&C         180913 8045.6  1.109e-15
duPont:B&C         180913 8048.8  1.000e-15
duPont:B&C         180913 8051.9  9.689e-16
duPont:B&C         180913 8055.1  9.776e-16
duPont:B&C         180913 8058.3  9.811e-16
duPont:B&C         180913 8061.5  9.563e-16
duPont:B&C         180913 8064.6  9.848e-16
duPont:B&C         180913 8067.8  9.996e-16
duPont:B&C         180913 8071.0  1.048e-15
duPont:B&C         180913 8074.1  1.192e-15
duPont:B&C         180913 8077.3  1.292e-15
duPont:B&C         180913 8080.5  1.282e-15
duPont:B&C         180913 8083.7  1.266e-15
duPont:B&C         180913 8086.8  1.316e-15
duPont:B&C         180913 8090.0  1.410e-15
duPont:B&C         180913 8093.2  1.403e-15
duPont:B&C         180913 8096.3  1.354e-15
duPont:B&C         180913 8099.5  1.345e-15
duPont:B&C         180913 8102.7  1.287e-15
duPont:B&C         180913 8105.8  1.247e-15
duPont:B&C         180913 8109.0  1.198e-15
duPont:B&C         180913 8112.2  1.123e-15
duPont:B&C         180913 8115.4  1.116e-15
duPont:B&C         180913 8118.5  1.082e-15
duPont:B&C         180913 8121.7  1.024e-15
duPont:B&C         180913 8124.9  9.710e-16
duPont:B&C         180913 8128.0  9.074e-16
duPont:B&C         180913 8131.2  8.713e-16
duPont:B&C         180913 8134.4  8.668e-16
duPont:B&C         180913 8137.6  9.006e-16
duPont:B&C         180913 8140.7  9.737e-16
duPont:B&C         180913 8143.9  1.056e-15
duPont:B&C         180913 8147.1  1.123e-15
duPont:B&C         180913 8150.2  1.240e-15
duPont:B&C         180913 8153.4  1.342e-15
duPont:B&C         180913 8156.6  1.383e-15
duPont:B&C         180913 8159.8  1.393e-15
duPont:B&C         180913 8162.9  1.447e-15
duPont:B&C         180913 8166.1  1.447e-15
duPont:B&C         180913 8169.3  1.323e-15
duPont:B&C         180913 8172.4  1.244e-15
duPont:B&C         180913 8175.6  1.232e-15
duPont:B&C         180913 8178.8  1.094e-15
duPont:B&C         180913 8181.9  9.887e-16
duPont:B&C         180913 8185.1  9.645e-16
duPont:B&C         180913 8188.3  8.878e-16
duPont:B&C         180913 8191.5  7.530e-16
duPont:B&C         180913 8194.6  7.447e-16
duPont:B&C         180913 8197.8  9.249e-16
duPont:B&C         180913 8201.0  1.083e-15
duPont:B&C         180913 8204.1  1.216e-15
duPont:B&C         180913 8207.3  1.347e-15
duPont:B&C         180913 8210.5  1.393e-15
duPont:B&C         180913 8213.7  1.464e-15
duPont:B&C         180913 8216.8  1.547e-15
duPont:B&C         180913 8220.0  1.524e-15
duPont:B&C         180913 8223.2  1.374e-15
duPont:B&C         180913 8226.3  1.299e-15
duPont:B&C         180913 8229.5  1.231e-15
duPont:B&C         180913 8232.7  1.179e-15
duPont:B&C         180913 8235.8  1.059e-15
duPont:B&C         180913 8239.0  9.382e-16
duPont:B&C         180913 8242.2  8.803e-16
duPont:B&C         180913 8245.4  7.903e-16
duPont:B&C         180913 8248.5  7.683e-16
duPont:B&C         180913 8251.7  8.111e-16
duPont:B&C         180913 8254.9  9.004e-16
duPont:B&C         180913 8258.0  1.076e-15
duPont:B&C         180913 8261.2  1.200e-15
duPont:B&C         180913 8264.4  1.393e-15
duPont:B&C         180913 8267.6  1.520e-15
duPont:B&C         180913 8270.7  1.495e-15
duPont:B&C         180913 8273.9  1.497e-15
duPont:B&C         180913 8277.1  1.571e-15
duPont:B&C         180913 8280.2  1.588e-15
duPont:B&C         180913 8283.4  1.400e-15
duPont:B&C         180913 8286.6  1.232e-15
duPont:B&C         180913 8289.8  1.046e-15
duPont:B&C         180913 8292.9  9.359e-16
duPont:B&C         180913 8296.1  8.485e-16
duPont:B&C         180913 8299.3  8.318e-16
duPont:B&C         180913 8302.4  7.872e-16
duPont:B&C         180913 8305.6  8.188e-16
duPont:B&C         180913 8308.8  9.742e-16
duPont:B&C         180913 8311.9  1.105e-15
duPont:B&C         180913 8315.1  1.340e-15
duPont:B&C         180913 8318.3  1.445e-15
duPont:B&C         180913 8321.5  1.412e-15
duPont:B&C         180913 8324.6  1.372e-15
duPont:B&C         180913 8327.8  1.287e-15
duPont:B&C         180913 8331.0  1.138e-15
duPont:B&C         180913 8334.1  1.045e-15
duPont:B&C         180913 8337.3  9.852e-16
duPont:B&C         180913 8340.5  9.192e-16
duPont:B&C         180913 8343.7  9.180e-16
duPont:B&C         180913 8346.8  9.498e-16
duPont:B&C         180913 8350.0  9.987e-16
duPont:B&C         180913 8353.2  1.146e-15
duPont:B&C         180913 8356.3  1.311e-15
duPont:B&C         180913 8359.5  1.362e-15
duPont:B&C         180913 8362.7  1.345e-15
duPont:B&C         180913 8365.8  1.402e-15
duPont:B&C         180913 8369.0  1.420e-15
duPont:B&C         180913 8372.2  1.373e-15
duPont:B&C         180913 8375.4  1.253e-15
duPont:B&C         180913 8378.5  1.183e-15
duPont:B&C         180913 8381.7  1.070e-15
duPont:B&C         180913 8384.9  1.006e-15
duPont:B&C         180913 8388.0  9.888e-16
duPont:B&C         180913 8391.2  9.185e-16
duPont:B&C         180913 8394.4  8.981e-16
duPont:B&C         180913 8397.6  9.260e-16
duPont:B&C         180913 8400.7  9.433e-16
duPont:B&C         180913 8403.9  9.429e-16
duPont:B&C         180913 8407.1  1.056e-15
duPont:B&C         180913 8410.2  1.155e-15
duPont:B&C         180913 8413.4  1.210e-15
duPont:B&C         180913 8416.6  1.261e-15
duPont:B&C         180913 8419.8  1.288e-15
duPont:B&C         180913 8422.9  1.338e-15
duPont:B&C         180913 8426.1  1.316e-15
duPont:B&C         180913 8429.3  1.317e-15
duPont:B&C         180913 8432.4  1.288e-15
duPont:B&C         180913 8435.6  1.203e-15
duPont:B&C         180913 8438.8  1.113e-15
duPont:B&C         180913 8441.9  1.005e-15
duPont:B&C         180913 8445.1  9.172e-16
duPont:B&C         180913 8448.3  8.596e-16
duPont:B&C         180913 8451.5  8.706e-16
duPont:B&C         180913 8454.6  9.125e-16
duPont:B&C         180913 8457.8  1.012e-15
duPont:B&C         180913 8461.0  1.140e-15
duPont:B&C         180913 8464.1  1.271e-15
duPont:B&C         180913 8467.3  1.402e-15
duPont:B&C         180913 8470.5  1.437e-15
duPont:B&C         180913 8473.7  1.406e-15
duPont:B&C         180913 8476.8  1.344e-15
duPont:B&C         180913 8480.0  1.342e-15
duPont:B&C         180913 8483.2  1.268e-15
duPont:B&C         180913 8486.3  1.124e-15
duPont:B&C         180913 8489.5  1.063e-15
duPont:B&C         180913 8492.7  9.274e-16
duPont:B&C         180913 8495.8  7.743e-16
duPont:B&C         180913 8499.0  7.315e-16
duPont:B&C         180913 8502.2  7.594e-16
duPont:B&C         180913 8505.4  8.201e-16
duPont:B&C         180913 8508.5  9.641e-16
duPont:B&C         180913 8511.7  1.112e-15
duPont:B&C         180913 8514.9  1.242e-15
duPont:B&C         180913 8518.0  1.320e-15
duPont:B&C         180913 8521.2  1.368e-15
duPont:B&C         180913 8524.4  1.374e-15
duPont:B&C         180913 8527.6  1.252e-15
duPont:B&C         180913 8530.7  1.109e-15
duPont:B&C         180913 8533.9  1.024e-15
duPont:B&C         180913 8537.1  9.389e-16
duPont:B&C         180913 8540.2  8.426e-16
duPont:B&C         180913 8543.4  7.937e-16
duPont:B&C         180913 8546.6  7.779e-16
duPont:B&C         180913 8549.7  8.022e-16
duPont:B&C         180913 8552.9  8.929e-16
duPont:B&C         180913 8556.1  9.976e-16
duPont:B&C         180913 8559.3  1.086e-15
duPont:B&C         180913 8562.4  1.187e-15
duPont:B&C         180913 8565.6  1.220e-15
duPont:B&C         180913 8568.8  1.254e-15
duPont:B&C         180913 8571.9  1.261e-15
duPont:B&C         180913 8575.1  1.282e-15
duPont:B&C         180913 8578.3  1.247e-15
duPont:B&C         180913 8581.5  1.188e-15
duPont:B&C         180913 8584.6  1.081e-15
duPont:B&C         180913 8587.8  1.048e-15
duPont:B&C         180913 8591.0  9.943e-16
duPont:B&C         180913 8594.1  8.963e-16
duPont:B&C         180913 8597.3  7.913e-16
duPont:B&C         180913 8600.5  7.411e-16
duPont:B&C         180913 8603.7  7.462e-16
duPont:B&C         180913 8606.8  7.376e-16
duPont:B&C         180913 8610.0  8.591e-16
duPont:B&C         180913 8613.2  1.171e-15
duPont:B&C         180913 8616.3  1.184e-15
duPont:B&C         180913 8619.5  1.295e-15
duPont:B&C         180913 8622.7  1.507e-15
duPont:B&C         180913 8625.8  1.541e-15
duPont:B&C         180913 8629.0  1.442e-15
duPont:B&C         180913 8632.2  1.376e-15
duPont:B&C         180913 8635.4  1.392e-15
duPont:B&C         180913 8638.5  1.401e-15
duPont:B&C         180913 8641.7  1.268e-15
duPont:B&C         180913 8644.9  1.182e-15
duPont:B&C         180913 8648.0  1.207e-15
duPont:B&C         180913 8651.2  1.116e-15
duPont:B&C         180913 8654.4  1.010e-15
duPont:B&C         180913 8657.6  8.884e-16
duPont:B&C         180913 8660.7  8.770e-16
duPont:B&C         180913 8663.9  8.897e-16
duPont:B&C         180913 8667.1  7.795e-16
duPont:B&C         180913 8670.2  3.992e-16
duPont:B&C         180913 8673.4  2.605e-16
duPont:B&C         180913 8676.6  4.377e-16
duPont:B&C         180913 8679.7  6.244e-16
duPont:B&C         180913 8682.9  7.859e-16
duPont:B&C         180913 8686.1  8.433e-16
duPont:B&C         180913 8689.3  9.566e-16
duPont:B&C         180913 8692.4  1.100e-15
duPont:B&C         180913 8695.6  1.192e-15
duPont:B&C         180913 8698.8  1.254e-15
duPont:B&C         180913 8701.9  1.391e-15
duPont:B&C         180913 8705.1  1.402e-15
duPont:B&C         180913 8708.3  1.403e-15
duPont:B&C         180913 8711.5  1.399e-15
duPont:B&C         180913 8714.6  1.349e-15
duPont:B&C         180913 8717.8  1.299e-15
duPont:B&C         180913 8721.0  1.234e-15
duPont:B&C         180913 8724.1  1.214e-15
duPont:B&C         180913 8727.3  1.234e-15
duPont:B&C         180913 8730.5  1.135e-15
duPont:B&C         180913 8733.7  9.900e-16
duPont:B&C         180913 8736.8  9.619e-16
duPont:B&C         180913 8740.0  9.188e-16
duPont:B&C         180913 8743.2  7.948e-16
duPont:B&C         180913 8746.3  7.380e-16
duPont:B&C         180913 8749.5  7.953e-16
duPont:B&C         180913 8752.7  7.957e-16
duPont:B&C         180913 8755.8  7.703e-16
duPont:B&C         180913 8759.0  6.733e-16
duPont:B&C         180913 8762.2  6.675e-16
duPont:B&C         180913 8765.4  7.503e-16
duPont:B&C         180913 8768.5  9.258e-16
duPont:B&C         180913 8771.7  1.010e-15
duPont:B&C         180913 8774.9  1.151e-15
duPont:B&C         180913 8778.0  1.199e-15
duPont:B&C         180913 8781.2  1.193e-15
duPont:B&C         180913 8784.4  1.280e-15
duPont:B&C         180913 8787.6  1.365e-15
duPont:B&C         180913 8790.7  1.389e-15
duPont:B&C         180913 8793.9  1.254e-15
duPont:B&C         180913 8797.1  1.337e-15
duPont:B&C         180913 8800.2  1.382e-15
duPont:B&C         180913 8803.4  1.227e-15
duPont:B&C         180913 8806.6  1.115e-15
duPont:B&C         180913 8809.7  1.133e-15
duPont:B&C         180913 8812.9  1.129e-15
duPont:B&C         180913 8816.1  1.115e-15
duPont:B&C         180913 8819.3  9.785e-16
duPont:B&C         180913 8822.4  9.298e-16
duPont:B&C         180913 8825.6  9.232e-16
duPont:B&C         180913 8828.8  8.053e-16
duPont:B&C         180913 8831.9  7.856e-16
duPont:B&C         180913 8835.1  8.071e-16
duPont:B&C         180913 8838.3  7.356e-16
duPont:B&C         180913 8841.5  7.845e-16