3347.39167  8.22560e-16
3351.46774  5.39486e-16
3355.54483  8.56434e-16
3359.62091  3.73395e-16
3363.69698  6.90370e-16
3367.77305  4.07363e-16
3371.84912  8.24367e-16
3375.92621  7.41393e-16
3380.00228  7.58431e-16
3384.07836  8.75481e-16
3388.15443  7.92548e-16
3392.23050  7.09627e-16
3396.30657  1.12672e-15
3400.38264  7.43831e-16
3404.45872  1.16095e-15
3408.53479  8.78087e-16
3412.61188  1.09524e-15
3416.68795  1.01240e-15
3420.76402  7.29576e-16
3424.84009  8.46763e-16
3428.91617  8.63963e-16
3432.99326  1.08118e-15
3437.06933  7.98401e-16
3441.14540  1.01564e-15
3445.22147  6.32884e-16
3449.29653  5.50138e-16
3453.37362  2.57414e-16
3457.44969  5.84693e-16
3461.52576  8.01987e-16
3465.60183  7.19288e-16
3469.67790  5.36600e-16
3473.75499  6.53927e-16
3477.83107  5.01260e-16
3481.90714  3.88604e-16
3485.98321  7.05956e-16
3490.06030  3.33322e-16
3494.13637  5.20693e-16
3498.21244  6.58073e-16
3502.28750  6.65458e-16
3506.36357  2.32856e-16
3510.44066  2.50268e-16
3514.51673  1.37681e-16
3518.59280  3.15103e-16
3522.66888  3.82533e-16
3526.74495  2.89971e-16
3530.82204  2.07421e-16
3534.89811  4.44874e-16
3538.97418  1.82333e-16
3543.05025 -1.70199e-16
3547.12633  7.27432e-18
3551.20342 -1.25240e-16
3555.27949  1.12247e-16
3559.35454  9.97339e-17
3563.43061  6.72324e-17
3567.50770 -1.95259e-16
3571.58378 -1.57748e-16
3575.65985 -2.02314e-17
3579.73592  2.57288e-16
3583.81199 -9.51845e-17
3587.88908  6.23493e-17
3591.96515 -1.40116e-16
3596.04123  1.17425e-16
3600.11730 -5.05031e-16
3604.19337 -8.07482e-16
3608.27046 -2.09927e-16
3612.34551 -2.22376e-16
3616.42159 -5.04815e-16
3620.49766 -1.47253e-16
3624.57373 -2.79684e-16
3628.65082  2.78877e-17
3632.72689 -1.54540e-16
3636.80296  1.23035e-16
3640.87904  2.30612e-16
3644.95511  2.48192e-16
3649.03220 -3.42235e-17
3653.10827  2.03361e-16
3657.18434  4.09464e-17
3661.26041  2.28533e-16
3665.33750  9.61272e-17
3669.41256  1.73712e-16
3673.48863  2.13029e-17
3677.56470  1.58895e-16
3681.64077  2.16487e-16
3685.71786  2.34085e-16
3689.79394  1.21679e-16
3693.87001  2.09271e-16
3697.94608  2.16865e-16
3702.02215  2.54460e-16
3706.09924  2.92058e-16
3710.17531  2.79650e-16
3714.25139  2.47240e-16
3718.32746  1.64833e-16
3722.40251  2.72419e-16
3726.47960  2.20013e-16
3730.55567  2.77601e-16
3734.63175  4.05186e-16
3738.70782  5.62772e-16
3742.78491  4.30360e-16
3746.86098  4.47940e-16
3750.93705  4.35518e-16
3755.01312  3.73093e-16
3759.08920  2.90669e-16
3763.16629  3.58244e-16
3767.24236  5.55812e-16
3771.31843  5.03376e-16
3775.39450  5.10939e-16
3779.46956  5.28495e-16
3783.54665  6.76054e-16
3787.62272  6.93606e-16
3791.69879  6.31154e-16
3795.77486  5.48698e-16
3799.85093  6.56239e-16
3803.92802  6.23778e-16
3808.00410  6.11310e-16
3812.08017  7.68837e-16
3816.15624  5.66358e-16
3820.23333  6.53879e-16
3824.30940  7.81390e-16
3828.38547  8.18898e-16
3832.46053  6.36394e-16
3836.53660  5.33890e-16
3840.61369  4.71384e-16
3844.68976  5.58868e-16
3848.76583  5.46346e-16
3852.84191  3.73818e-16
3856.91798  4.51284e-16
3860.99507  4.38748e-16
3865.07114  4.06201e-16
3869.14721  4.63644e-16
3873.22328  3.81084e-16
3877.29936  3.28516e-16
3881.37645  3.35944e-16
3885.45150  3.73357e-16
3889.52757  3.40766e-16
3893.60364  3.98168e-16
3897.68073  3.15566e-16
3901.75681  3.52952e-16
3905.83288  3.40330e-16
3909.90895  2.57700e-16
3913.98502  1.75061e-16
3918.06211  1.02417e-16
3922.13818  1.59761e-16
3926.21426  1.97095e-16
3930.29033  1.14421e-16
3934.36640 -1.78261e-16
3938.44349 -5.80950e-16
3942.51854 -2.23655e-16
3946.59462  9.36319e-17
3950.67069  1.00910e-16
3954.74676  1.88180e-16
3958.82385  5.54425e-17
3962.89992  1.12690e-16
3966.97599  9.92892e-18
3971.05207 -2.72844e-16
3975.12916 -4.25622e-16
3979.20523 -1.78416e-16
3983.28130 -1.12207e-17
3987.35737  5.96481e-18
3991.43344  1.31366e-17
3995.50952  3.00697e-19
3999.58559  1.77449e-16
4003.66166  1.44589e-16
4007.73773  1.81716e-16
4011.81380  7.88325e-17
4015.89089  1.05940e-16
4019.96697  3.30301e-17
4024.04304  1.10111e-16
4028.11911  1.67177e-16
4032.19518  2.74232e-16
4036.27227  2.81278e-16
4040.34834  2.98306e-16
4044.42442  3.55322e-16
4048.50049  2.22325e-16
4052.57554  1.69310e-16
4056.65263  1.56291e-16
4060.72870  1.93253e-16
4064.80478  2.50202e-16
4068.88085  2.87140e-16
4072.95794  2.94065e-16
4077.03401  3.30973e-16
4081.11008  3.87867e-16
4085.18615  2.84745e-16
4089.26223  3.41611e-16
4093.33932  3.78466e-16
4097.41539  4.05302e-16
4101.49146  6.92123e-16
4105.56651  6.08926e-16
4109.64259  6.25718e-16
4113.71968  7.02498e-16
4117.79575  6.39260e-16
4121.87182  6.06005e-16
4125.94789  8.22736e-16
4130.02396  8.09451e-16
4134.10105  8.46153e-16
4138.17713  9.02838e-16
4142.25320  9.79504e-16
4146.32927  1.07616e-15
4150.40636  1.00280e-15
4154.48243  1.00941e-15
4158.55850  1.10602e-15
4162.63356  1.12260e-15
4166.70963  1.19917e-15
4170.78672  1.13572e-15
4174.86279  1.13226e-15
4178.93886  1.04878e-15
4183.01494  1.19528e-15
4187.09101  1.05176e-15
4191.16810  1.01823e-15
4195.24417  9.14683e-16
4199.32024  8.31113e-16
4203.39631  8.27529e-16
4207.47239  9.03924e-16
4211.54948  8.70306e-16
4215.62453  7.66662e-16
4219.70060  7.13003e-16
4223.77667  6.59326e-16
4227.85376  7.15636e-16
4231.92984  6.31923e-16
4236.00591  5.78190e-16
4240.08198  5.94439e-16
4244.15805  6.20669e-16
4248.23514  5.46886e-16
4252.31121  4.93078e-16
4256.38729  5.49251e-16
4260.46336  4.25404e-16
4264.53943  3.91538e-16
4268.61550  3.97655e-16
4272.69157  4.53750e-16
4276.76765  3.09825e-16
4280.84372  3.45881e-16
4284.91979  2.31917e-16
4288.99688  2.17938e-16
4293.07295  1.83934e-16
4297.14902  1.69909e-16
4301.22510  2.25864e-16
4305.30219  2.41802e-16
4309.37826  2.47718e-16
4313.45433  1.73612e-16
4317.53040  1.59484e-16
4321.60647  1.95336e-16
4325.68255  9.11670e-17
4329.75862  1.96979e-16
4333.83469  1.12768e-16
4337.91076  1.68535e-16
4341.98683  1.14282e-16
4346.06392  1.50010e-16
4350.14000  2.25715e-16
4354.21607  2.31397e-16
4358.29214  2.27057e-16
4362.36821  2.32694e-16
4366.44530  2.48315e-16
4370.52137  1.93911e-16
4374.59745  3.09482e-16
4378.67250  3.85029e-16
4382.74959  4.10559e-16
4386.82566  4.46066e-16
4390.90173  3.31549e-16
4394.97781  2.37010e-16
4399.05388  2.92447e-16
4403.13097  3.17866e-16
4407.20704  2.03258e-16
4411.28311  2.98629e-16
4415.35918  2.63975e-16
4419.43526  2.29298e-16
4423.51235  2.84601e-16
4427.58842  2.29878e-16
4431.66449  1.15132e-16
4435.73954  1.70359e-16
4439.81562  2.05564e-16
4443.89271  1.50750e-16
4447.96878  2.25909e-16
4452.04485  2.31046e-16
4456.12092  3.46156e-16
4460.19801  3.61247e-16
4464.27408  4.26310e-16
4468.35016  4.01349e-16
4472.42623  3.66365e-16
4476.50230  2.91355e-16
4480.57939  2.46325e-16
4484.65546  3.11267e-16
4488.73052  2.86179e-16
4492.80659  1.91073e-16
4496.88266  2.15942e-16
4500.95975  2.30788e-16
4505.03582  2.65605e-16
4509.11189  2.90398e-16
4513.18797  3.05167e-16
4517.26404  3.09910e-16
4521.34113  2.84631e-16
4525.41720  2.69323e-16
4529.49327  2.23991e-16
4533.56934  3.48634e-16
4537.64542  3.03250e-16
4541.72251  3.77844e-16
4545.79756  4.42405e-16
4549.87363  2.86943e-16
4553.94970  3.21459e-16
4558.02679  2.95949e-16
4562.10287  3.20411e-16
4566.17894  3.94846e-16
4570.25501  3.79255e-16
4574.33108  3.53641e-16
4578.40817  3.78001e-16
4582.48424  3.92332e-16
4586.56032  3.56636e-16
4590.63639  2.90914e-16
4594.71246  4.45167e-16
4598.78853  3.49392e-16
4602.86460  4.23590e-16
4606.94068  5.77761e-16
4611.01675  6.61906e-16
4615.09282  6.76025e-16
4619.16991  6.60120e-16
4623.24598  7.14183e-16
4627.32205  6.58220e-16
4631.39813  6.72229e-16
4635.47522  8.06217e-16
4639.55129  7.50172e-16
4643.62736  7.64100e-16
4647.70343  9.08001e-16
4651.77950  8.41874e-16
4655.85558  8.25722e-16
4659.93165  8.79539e-16
4664.00772  9.43330e-16
4668.08379  9.77093e-16
4672.15986  1.05083e-15
4676.23695  1.13454e-15
4680.31303  1.14822e-15
4684.38910  1.23187e-15
4688.46517  1.28549e-15
4692.54124  1.26909e-15
4696.61833  1.34266e-15
4700.69440  1.33620e-15
4704.77048  1.35971e-15
4708.84553  1.39319e-15
4712.92262  1.45665e-15
4716.99869  1.47008e-15
4721.07476  1.43348e-15
4725.15084  1.46685e-15
4729.22691  1.55019e-15
4733.30400  1.60350e-15
4737.38007  1.64679e-15
4741.45614  1.68004e-15
4745.53221  1.66327e-15
4749.60829  1.63647e-15
4753.68538  1.55964e-15
4757.76145  1.49278e-15
4761.83650  1.44589e-15
4765.91257  1.38897e-15
4769.98865  1.46202e-15
4774.06574  1.44505e-15
4778.14181  1.39804e-15
4782.21788  1.35101e-15
4786.29395  1.33395e-15
4790.37104  1.30686e-15
4794.44711  1.25973e-15
4798.52319  1.21258e-15
4802.59926  1.19540e-15
4806.67533  1.22819e-15
4810.75242  1.11095e-15
4814.82849  1.16368e-15
4818.90355  1.17638e-15
4822.97962  1.02905e-15
4827.05569  1.07169e-15
4831.13278  1.02431e-15
4835.20885  9.96890e-16
4839.28492  9.79442e-16
4843.36100  9.51965e-16
4847.43707  1.02446e-15
4851.51416  9.06923e-16
4855.59023  8.59356e-16
4859.66630  8.91758e-16
4863.74237  8.64132e-16
4867.81946  8.16477e-16
4871.89452  7.78786e-16
4875.97059  8.51068e-16
4880.04666  7.63320e-16
4884.12273  7.55543e-16
4888.19982  7.37737e-16
4892.27590  7.49898e-16
4896.35197  7.02029e-16
4900.42804  6.94129e-16
4904.50411  6.96200e-16
4908.58120  7.08243e-16
4912.65727  7.40252e-16
4916.73335  7.42231e-16
4920.80942  8.44179e-16
4924.88549  8.16098e-16
4928.96156  7.87985e-16
4933.03763  7.99841e-16
4937.11371  8.21667e-16
4941.18978  7.93462e-16
4945.26585  8.45227e-16
4949.34294  9.26964e-16
4953.41901  8.78667e-16
4957.49508  8.90339e-16
4961.57116  8.91980e-16
4965.64825  7.93595e-16
4969.72432  7.05174e-16
4973.80039  7.36723e-16
4977.87646  7.58240e-16
4981.95152  7.09724e-16
4986.02861  6.21185e-16
4990.10468  5.72609e-16
4994.18075  5.24003e-16
4998.25682  5.55366e-16
5002.33289  6.36698e-16
5006.40998  5.68002e-16
5010.48606  6.19272e-16
5014.56213  5.10510e-16
5018.63820  4.51717e-16
5022.71427  4.32893e-16
5026.79136  5.04042e-16
5030.86743  4.75156e-16
5034.94351  4.26238e-16
5039.01856  3.57287e-16
5043.09565  3.08310e-16
5047.17172  3.59300e-16
5051.24779  4.20258e-16
5055.32387  4.11184e-16
5059.39994  3.42079e-16
5063.47703  3.32945e-16
5067.55310  3.23778e-16
5071.62917  3.54579e-16
5075.70524  3.55348e-16
5079.78132  3.26087e-16
5083.85841  2.66796e-16
5087.93448  2.87472e-16
5092.00953  2.98113e-16
5096.08560  2.88726e-16
5100.16168  2.99307e-16
5104.23877  2.69859e-16
5108.31484  2.60378e-16
5112.39091  1.90865e-16
5116.46698  1.81320e-16
5120.54407  1.91746e-16
5124.62014  1.82138e-16
5128.69622  2.22500e-16
5132.77229  1.92829e-16
5136.84836  1.83126e-16
5140.92545  1.93395e-16
5145.00050  1.33627e-16
5149.07658  1.13831e-16
5153.15265  1.24002e-16
5157.22872  1.14142e-16
5161.30581  1.74253e-16
5165.38188  1.64329e-16
5169.45795  1.54375e-16
5173.53403  1.64389e-16
5177.61010  1.34371e-16
5181.68719  9.43237e-17
5185.76326  8.42429e-17
5189.83933  1.84131e-16
5193.91540  7.39871e-17
5197.99249  1.38134e-17
5202.06755  7.36034e-17
5206.14362 -2.66352e-17
5210.21969  1.13096e-16
5214.29576  8.27935e-17
5218.37285  9.24623e-17
5222.44893  6.20968e-17
5226.52500  8.16997e-17
5230.60107  9.12727e-17
5234.67714  1.20813e-16
5238.75423  7.03238e-17
5242.83030  9.98008e-17
5246.90638  6.92464e-17
5250.98245  7.86614e-17
5255.05750  1.78042e-16
5259.13459  1.67395e-16
5263.21066  1.96714e-16
5267.28674  1.96003e-16
5271.36281  2.05259e-16
5275.43990  1.44487e-16
5279.51597  7.36806e-17
5283.59204  1.22843e-16
5287.66811  3.19736e-17
5291.74419  6.10732e-17
5295.82128  5.01439e-17
5299.89735  5.91807e-17
5303.97342  6.81855e-17
5308.04949  1.71592e-17
5312.12455  6.60991e-17
5316.20164 -4.98648e-18
5320.27771  2.38929e-17
5324.35378  8.27411e-17
5328.42985  1.55791e-18
5332.50592 -1.49656e-16
5336.58301 -2.08984e-17
5340.65909  2.78246e-17
5344.73516 -3.48385e-18
5348.81123 -3.48230e-17
5352.88730  1.38064e-17
5356.96439  1.12408e-16
5361.04046  2.09751e-17
5365.11552  4.95089e-17
5369.19159  3.80138e-17
5373.26868 -4.35106e-17
5377.34475 -1.05067e-16
5381.42082 -4.66556e-17
5385.49690 -1.08275e-16
5389.57297 -1.99254e-17
5393.65006 -1.11605e-16
5397.72613 -1.13316e-16
5401.80220 -4.50598e-17
5405.87827 -1.26834e-16
5409.95435 -1.08639e-16
5414.03144 -1.20474e-16
5418.10751 -9.23395e-17
5422.18256 -1.42393e-17
5426.25863  1.38318e-17
5430.33471 -8.81274e-17
5434.41180 -1.00116e-16
5438.48787  7.86428e-18
5442.56394 -7.41872e-17
5446.64001 -9.62693e-17
5450.71710 -1.28380e-16
5454.79317 -1.50524e-16
5458.86925 -6.26965e-17
5462.94532 -3.49009e-17
5467.02139 -8.71366e-17
5471.09848 -5.94001e-17
5475.17353 -1.16980e-17
5479.24961 -1.40233e-17
5483.32568 -5.63802e-17
5487.40175 -8.87672e-17
5491.47884 -1.11827e-17
5495.55491  3.63697e-17
5499.63098  5.38925e-17
5503.70706  3.13847e-17
5507.78313  1.88463e-17
5511.86022  2.62796e-17
5515.93629 -6.31887e-18
5520.01236 -6.89464e-17
5524.08843 -3.16049e-17
5528.16451 -4.29382e-18
5532.24058 -6.70124e-17
5536.31665 -2.97607e-17
5540.39272 -2.25381e-17
5544.46879 -3.53458e-17
5548.54588  8.18174e-17
5552.62196  4.89502e-17
5556.69803 -1.39472e-17
5560.77410  2.31267e-17
5564.85017  5.01702e-17
5568.92726  5.71855e-17
5573.00333  2.41703e-17
5577.07941  5.11248e-17
5581.15548  8.80512e-17
5585.23053  7.49455e-17
5589.30762 -8.18615e-18
5593.38369 -1.34869e-18
5597.45977  4.54594e-17
5601.53584  6.22393e-17
5605.61293  6.89906e-17
5609.68900  2.57115e-17
5613.76507  6.24032e-17
5617.84114 -1.09346e-17
5621.91722 -2.43001e-17
5625.99431  5.23062e-17
5630.07038  3.88820e-17
5634.14645  7.54289e-17
5638.22150  6.19452e-17
5642.29758  1.84359e-17
5646.37467  4.48985e-17
5650.45074  3.13307e-17
5654.52681  3.77343e-17
5658.60288  1.04109e-16
5662.67895  1.10457e-16
5666.75604  1.16777e-16
5670.83212  1.23067e-16
5674.90819  1.09329e-16
5678.98426  8.55620e-17
5683.06135  1.41770e-16
5687.13742  1.67947e-16
5691.21349  1.14096e-16
5695.28855  9.02156e-17
5699.36462  1.26309e-16
5703.44171  1.52376e-16
5707.51778  9.84136e-17
5711.59385  9.44238e-17
5715.66993  1.10406e-16
5719.74600  1.56360e-16
5723.82309  1.52289e-16
5727.89916  1.28188e-16
5731.97523  9.40603e-17
5736.05130  1.19905e-16
5740.12738  1.75722e-16
5744.20447  1.51514e-16
5748.27952  6.72750e-17
5752.35559  1.03010e-16
5756.43166  1.58719e-16
5760.50774  1.84400e-16
5764.58483  1.20057e-16
5768.66090  7.56843e-17
5772.73697  1.11285e-16
5776.81304  1.16859e-16
5780.89013 -2.75923e-17
5784.96620 -1.20704e-17
5789.04228  1.53423e-16
5793.11835  1.98891e-16
5797.19442  1.24333e-16
5801.27049  1.59747e-16
5805.34656  2.15137e-16
5809.42264  2.40499e-16
5813.49871  2.45836e-16
5817.57478  2.31146e-16
5821.65187  2.36432e-16
5825.72794  2.41690e-16
5829.80401  2.46923e-16
5833.88009  1.82130e-16
5837.95616  1.97311e-16
5842.03325  2.02468e-16
5846.10932  2.07599e-16
5850.18539  2.52704e-16
5854.26146  2.57783e-16
5858.33754  2.22837e-16
5862.41361  2.57865e-16
5866.48968  2.62869e-16
5870.56575  2.37848e-16
5874.64182  2.52801e-16
5878.71891  3.07731e-16
5882.79499  3.12634e-16
5886.87106  2.67513e-16
5890.94713  1.82368e-16
5895.02320  7.19766e-18
5899.10029  9.20041e-17
5903.17636  1.46784e-16
5907.25244  2.41541e-16
5911.32851  3.96273e-16
5915.40356  3.50980e-16
5919.48065  2.85665e-16
5923.55672  2.70325e-16
5927.63280  2.44961e-16
5931.70887  2.09573e-16
5935.78596  2.84163e-16
5939.86203  2.98728e-16
5943.93810  2.43268e-16
5948.01417  1.87786e-16
5952.09025  1.82280e-16
5956.16734  2.46752e-16
5960.24341  1.91199e-16
5964.31948  2.35624e-16
5968.39453  2.40024e-16
5972.47061  2.14403e-16
5976.54770  1.68759e-16
5980.62377  2.23092e-16
5984.69984  2.87402e-16
5988.77591  2.81689e-16
5992.85198  3.45954e-16
5996.92907  3.90198e-16
6001.00515  3.34417e-16
6005.08122  2.88615e-16
6009.15729  2.42791e-16
6013.23438  1.96946e-16
6017.31045  2.01077e-16
6021.38551  1.85186e-16
6025.46158  1.79274e-16
6029.53765  9.33402e-17
6033.61474  1.27387e-16
6037.69081  1.21410e-16
6041.76688  8.54115e-17
6045.84296  8.93918e-17
6049.91903  1.43352e-16
6053.99612  1.27291e-16
6058.07219  1.51209e-16
6062.14826  1.55105e-16
6066.22433  1.28981e-16
6070.30041  1.12835e-16
6074.37750  1.16671e-16
6078.45255  5.04844e-17
6082.52862  5.42779e-17
6086.60469  1.08051e-16
6090.68178  8.18053e-17
6094.75786  6.55388e-17
6098.83393  9.92516e-17
6102.91000  7.29449e-17
6106.98607  8.66184e-17
6111.06316  8.02732e-17
6115.13923  6.39079e-17
6119.21531  1.17523e-16
6123.29138  1.01118e-16
6127.36745  8.46947e-17
6131.44352  5.82516e-17
6135.51959  6.17903e-17
6139.59567  7.53097e-17
6143.67174  3.88101e-17
6147.74781  3.22919e-17
6151.82490  2.57563e-17
6155.90097  9.20132e-18
6159.97704 -7.37236e-18
6164.05312 -2.39640e-17
6168.13021  3.94270e-17
6172.20628 -7.20105e-18
6176.28235 -3.38465e-17
6180.35842 -2.05098e-17
6184.43449 -7.71911e-17
6188.51057 -4.38900e-17
6192.58664 -3.06063e-17
6196.66271 -7.33922e-18
6200.73878 -4.09011e-18
6204.81485  9.14224e-18
6208.89194 -1.76419e-17
6212.96802 -4.44354e-18
6217.04409 -5.12615e-17
6221.12016 -8.09658e-18
6225.19623  4.50519e-17
6229.27332  1.81847e-17
6233.34939  1.30051e-18
6237.42547 -2.55993e-17
6241.50052 -2.25162e-17
6245.57659 -2.94485e-17
6249.65368 -2.63959e-17
6253.72975 -4.33593e-17
6257.80583 -3.03380e-17
6261.88190 -3.73329e-17
6265.95899  3.56584e-17
6270.03506  8.63317e-18
6274.11113  2.15930e-17
6278.18720  1.45384e-17
6282.26328 -4.25311e-17
6286.34037 -6.96150e-17
6290.41644 -7.67140e-17
6294.49149 -9.38281e-17
6298.56756 -4.09553e-17
6302.64364  2.19030e-17
6306.72073  3.47478e-17
6310.79680 -1.24217e-17
6314.87287 -1.96053e-17
6318.94894  3.19797e-18
6323.02501  6.59874e-17
6327.10210  2.87641e-17
6331.17818  6.15268e-17
6335.25425  4.42764e-17
6339.33032  5.70136e-17
6343.40741  2.97380e-17
6347.48348  6.24491e-17
6351.55854  4.51470e-17
6355.63461  3.78330e-17
6359.71068  8.05068e-17
6363.78777  5.31692e-17
6367.86384  1.58188e-17
6371.93991  6.84563e-17
6376.01599  7.10822e-17
6380.09206  2.36966e-17
6384.16915  3.63002e-17
6388.24522  1.88916e-17
6392.32129  6.14717e-17
6396.39736  5.40406e-17
6400.47344  2.65987e-17
6404.54951  7.91463e-17
6408.62558  6.16829e-17
6412.70165  7.42091e-17
6416.77772  1.06725e-16
6420.85481  1.09231e-16
6424.93089  1.01727e-16
6429.00696  1.14212e-16
6433.08303  1.86687e-16
6437.15910  1.09153e-16
6441.23619  1.11611e-16
6445.31226  1.34058e-16
6449.38834  1.06495e-16
6453.46441  1.08924e-16
6457.54048  1.31344e-16
6461.61655  8.37547e-17
6465.69262  6.61573e-17
6469.76870  1.58551e-16
6473.84477  1.80937e-16
6477.92084  1.13314e-16
6481.99793  1.45683e-16
6486.07400  1.38044e-16
6490.15007  1.20398e-16
6494.22615  1.52744e-16
6498.30324  2.45083e-16
6502.37931  2.37414e-16
6506.45538  2.39738e-16
6510.53145  3.02054e-16
6514.60651  3.14364e-16
6518.68360  2.96668e-16
6522.75967  2.88964e-16
6526.83574  3.21255e-16
6530.91181  3.53539e-16
6534.98788  3.75817e-16
6539.06497  3.78089e-16
6543.14105  3.90356e-16
6547.21712  3.92616e-16
6551.29319  4.24871e-16
6555.36926  3.77121e-16
6559.44635  3.99367e-16
6563.52242  4.01606e-16
6567.59850  4.63841e-16
6571.67355  4.46071e-16
6575.75064  4.68297e-16
6579.82671  4.70518e-16
6583.90278  4.22735e-16
6587.97886  4.54948e-16
6592.05493  4.77157e-16
6596.13202  4.39363e-16
6600.20809  4.61565e-16
6604.28416  5.23763e-16
6608.36023  5.45959e-16
6612.43631  5.78151e-16
6616.51340  6.10340e-16
6620.58947  6.32527e-16
6624.66452  5.94710e-16
6628.74059  5.96892e-16
6632.81667  6.19071e-16
6636.89376  6.01249e-16
6640.96983  6.03424e-16
6645.04590  6.35597e-16
6649.12197  6.17770e-16
6653.19804  6.09940e-16
6657.27513  5.92110e-16
6661.35121  6.44278e-16
6665.42728  6.76445e-16
6669.50335  7.28612e-16
6673.58044  7.40778e-16
6677.65549  8.02943e-16
6681.73157  8.25109e-16
6685.80764  7.97274e-16
6689.88371  7.89440e-16
6693.96080  7.21606e-16
6698.03687  6.73772e-16
6702.11294  6.45939e-16
6706.18902  6.78107e-16
6710.26509  6.60275e-16
6714.34218  6.32445e-16
6718.41825  6.34617e-16
6722.49432  6.36789e-16
6726.57039  5.88964e-16
6730.64647  5.61140e-16
6734.72254  5.13318e-16
6738.79861  5.25499e-16
6742.87468  5.27682e-16
6746.95075  4.99867e-16
6751.02784  5.52056e-16
6755.10392  5.04248e-16
6759.17999  5.16442e-16
6763.25606  4.78640e-16
6767.33213  4.90841e-16
6771.40922  4.83046e-16
6775.48529  4.55255e-16
6779.56137  4.47468e-16
6783.63744  4.69684e-16
6787.71249  4.71905e-16
6791.78958  4.44132e-16
6795.86565  4.56362e-16
6799.94173  4.78598e-16
6804.01780  4.60839e-16
6808.09387  4.83085e-16
6812.17096  4.45337e-16
6816.24703  3.57595e-16
6820.32310  3.49858e-16
6824.39918  3.32127e-16
6828.47627  3.44403e-16
6832.55234  3.66685e-16
6836.62841  3.28974e-16
6840.70448  3.51269e-16
6844.77954  2.93571e-16
6848.85663  2.75881e-16
6852.93270  2.78199e-16
6857.00877  2.80523e-16
6861.08484  2.82856e-16
6865.16091  3.05196e-16
6869.23800  1.27545e-16
6873.31408  4.99027e-17
6877.39015  1.42268e-16
6881.46622  2.14643e-16
6885.54229  2.37026e-16
6889.61938  1.69419e-16
6893.69545  1.31821e-16
6897.77051  1.44232e-16
6901.84658  1.06652e-16
6905.92367  1.39084e-16
6909.99974  1.61525e-16
6914.07581  1.03977e-16
6918.15189  6.64385e-17
6922.22796  5.89110e-17
6926.30505  8.13954e-17
6930.38112  8.38898e-17
6934.45719  2.63962e-17
6938.53326 -1.10862e-17
6942.60934  1.14429e-17
6946.68643  3.98487e-18
6950.76250 -1.34618e-17
6954.83755 -1.08969e-17
6958.91362  1.16818e-17
6962.98970  7.42725e-17
6967.06679  6.68770e-17
6971.14286  9.49397e-18
6975.21893  2.12457e-18
6979.29500 -5.23127e-18
6983.37209  3.74271e-17
6987.44816  7.00987e-17
6991.52424  2.27845e-17
6995.60031 -3.45152e-17
6999.67638 -7.18001e-17
7003.75347 -5.90696e-17
7007.82852 -2.63258e-17
7011.90460 -3.35659e-17
7015.98067 -2.07905e-17
7020.05674 -4.79992e-17
7024.13383 -6.41918e-17
7028.20990 -5.23687e-17
7032.28597 -8.65294e-17
7036.36205 -5.06739e-17
7040.43812 -1.38011e-17
7044.51521 -1.09111e-17
7048.59128 -1.80047e-17
7052.66735 -4.90809e-17
7056.74342 -4.51398e-17
7060.81950 -5.21803e-17
7064.89557 -7.22032e-17
7068.97164 -1.18208e-16
7073.04771 -6.21939e-17
7077.12378 -5.81617e-17
7081.20087 -1.71094e-17
7085.27695 -6.90390e-17
7089.35302 -7.09494e-17
7093.42909 -4.88403e-17
7097.50516 -6.27116e-17
7101.58225 -6.25616e-17
7105.65832 -3.23925e-17
7109.73440 -4.22033e-17
7113.81047 -1.08993e-16
7117.88552 -1.02763e-16
7121.96261 -6.05105e-17
7126.03868 -2.22372e-17
7130.11476 -6.69425e-17
7134.19083 -3.46260e-17
7138.26690 -3.42878e-17
7142.34399 -3.49261e-17
7146.42006 -2.85429e-17
7150.49613 -3.31376e-17
7154.57221 -7.87092e-17
7158.64930 -9.82567e-17
7162.72537 -7.97818e-17
7166.80144 -9.42832e-17
7170.87649 -1.04762e-16
7174.95257 -1.24216e-16
7179.02966 -1.82645e-16
7183.10573 -8.50498e-17
7187.18180 -9.94302e-17
7191.25787 -9.47861e-17
7195.33394 -4.11164e-17
7199.41103 -9.34210e-17
7203.48711 -1.23700e-16
7207.56318 -8.39538e-17
7211.63925  1.68188e-17
7215.71532  8.56169e-17
7219.79241  2.54434e-17
7223.86848  2.32957e-17
7227.94354  4.21734e-17
7232.01961  4.50799e-17
7236.09670 -6.39857e-17
7240.17277 -7.60242e-17
7244.24884 -1.04035e-16
7248.32492  8.98289e-18
7252.40099  3.20286e-17
7256.47808  5.41044e-17
7260.55415  8.20759e-18
7264.63022 -6.56593e-17
7268.70629 -4.34971e-17
7272.78237 -1.33058e-17
7276.85946 -6.08350e-18
7280.93451 -2.28331e-17
7285.01058 -1.45506e-17
7289.08665 -1.82385e-17
7293.16273  1.61050e-17
7297.23982  3.48003e-18
7301.31589 -1.21146e-17
7305.39196 -6.67700e-18
7309.46803 -2.20768e-18
7313.54512  8.42941e-17
7317.62119  1.04827e-16
7321.69727  6.13929e-17
7325.77334  5.19921e-17
7329.84941  5.66231e-17
7333.92650  3.52890e-17
7338.00155  3.29863e-17
7342.07763  6.57184e-17
7346.15370  5.14850e-17
7350.22977  6.42851e-17
7354.30686  8.91209e-17
7358.38293 -2.50093e-17
7362.45900 -4.21049e-17
7366.53508  6.88352e-17
7370.61115  6.78109e-17
7374.68824  3.08228e-17
7378.76431  1.38696e-17
7382.84038  1.69530e-17
7386.91645  6.30735e-17
7390.99253  6.22298e-17
7395.06860 -6.57684e-18
7399.14467 -1.63458e-17
7403.22074  6.09223e-17
7407.29681  6.72293e-17
7411.37390  3.95749e-17
7415.44998  9.95714e-18
7419.52605  6.63784e-17
7423.60212  7.58379e-17
7427.67819  5.43375e-17
7431.75528  2.28768e-17
7435.83135  4.54751e-19
7439.90743  4.50720e-17
7443.98350  3.17301e-17
7448.05855  4.94266e-17
7452.13564  9.61672e-17
7456.21171  6.89469e-17
7460.18191  8.76155e-17
