6.760699685473011257e-05
7.579527274830055001e-05
8.445228841204256362e-05
9.458966514978037286e-05
1.058915944062381446e-04
1.178229107350658105e-04
1.317738811476255271e-04
1.473039731480778227e-04
1.636747472088823248e-04
1.827883838075910409e-04
2.040332937459222833e-04
2.263952007780657802e-04
2.524651600609617206e-04
2.798790113282207184e-04
3.118073582273865477e-04
3.472065599672844241e-04
3.843755517679252462e-04
4.276013909539940058e-04
4.754534417745523000e-04
5.256235172816557883e-04
5.838825080589186978e-04
6.482785846170379014e-04
7.156940812210715441e-04
7.938627541350936701e-04
8.801343296825402465e-04
9.703170646580866650e-04
1.074729065305852268e-03
1.189788735339472473e-03
1.309886055762540108e-03
1.448725711844875029e-03
1.593501714604721089e-03
1.760706529024901480e-03
1.944495524224109729e-03
2.135857493783442640e-03
2.356535770861245375e-03
2.598731039633610154e-03
2.850530003751437953e-03
3.140470399759509590e-03
3.458193782896818586e-03
3.788022643868979231e-03
4.167244463614335793e-03
4.582167109958870839e-03
5.012254591380008173e-03
5.506008256044590647e-03
6.045415118535172293e-03
6.603699222377877598e-03
7.243664785759867247e-03
7.905370009230985873e-03
8.663134404304105238e-03
9.488846833366600120e-03
1.034132654180879886e-02
1.131609087374025463e-02
1.237662221153122341e-02
1.346988561799817782e-02
1.471808838202359575e-02
1.607401757380313989e-02
1.746968885235701888e-02
1.906075033036961491e-02
2.078645115458684772e-02
2.256004897579803187e-02
2.457888541804650884e-02
2.676516132712191895e-02
2.900871640823819708e-02
3.155861849185767620e-02
3.417270293047768720e-02
3.714074343602120909e-02
4.034664134043074168e-02
4.362823999203825631e-02
4.734850587420531831e-02
5.136063660852317747e-02
5.546125104490283453e-02
6.010291991883769114e-02
6.510090330043924456e-02
7.020131319186466434e-02
7.596586193681925669e-02
8.216317953742093005e-02
8.847782062362236077e-02
9.560376031245336470e-02
1.032526164922302203e-01
1.110343112832300055e-01
1.198022804525590013e-01
1.291988061042931013e-01
1.387438033887088695e-01
1.494819661857146875e-01
1.603786663787124256e-01
1.726249613207054279e-01
1.857146329655771089e-01
1.989769998727413669e-01
2.138588361273412453e-01
2.297402308425426365e-01
2.458061615643226117e-01
2.638058425437432852e-01
2.829838089908987553e-01
3.023543754337929546e-01
3.240225432706412279e-01
3.470721201986702864e-01
3.703167501875188061e-01
3.962777143041161798e-01
4.238493053961048806e-01
4.516105318053842410e-01
4.825670651176066639e-01
5.137040206089777961e-01
5.483885422024405987e-01
5.851258880293120912e-01
6.220188667663926196e-01
6.630500149699486423e-01
7.064388165107835515e-01
7.499421380823435568e-01
7.982479505854088719e-01
8.492457876307101250e-01
9.002964996238838058e-01
9.568920386863124516e-01
1.016543235076956986e+00
1.076160314718116018e+00
1.142146140139244537e+00
1.211579492562911309e+00
1.280860962858245911e+00
1.357419293230991197e+00
1.433728091349633527e+00
1.517960997391009315e+00
1.606349213009022003e+00
1.694305418264901331e+00
1.791236136447612592e+00
1.892777297043049867e+00
1.993655939348440320e+00
2.104644154242062193e+00
2.220714240541712847e+00
2.335835895736584344e+00
2.462283862303136672e+00
2.594295503719170615e+00
2.725009693141583256e+00
2.868343545418580831e+00
3.017726068022350994e+00
3.165391128293027379e+00
3.327038447333392490e+00
3.486647857475150936e+00
3.661173550792237386e+00
3.842537186678162797e+00
4.021307689860577739e+00
4.216449058771873482e+00
4.418877321817286763e+00
4.618065919154447307e+00
4.835117197158735891e+00
5.059870669051159453e+00
5.280639954445215167e+00
5.520784040137617588e+00
5.768999403583335628e+00
6.012382373880804209e+00
6.276652984257423462e+00
6.549304425464733903e+00
6.816167191928398594e+00
7.105409042041364920e+00
7.388169356238036833e+00
7.694271066531199743e+00
8.009098891645487939e+00
8.316304292480573679e+00
8.648252001687556145e+00
8.989009387221798875e+00
9.320892677683575656e+00
9.678828527841851326e+00
1.004554764645366483e+01
1.040203352785846036e+01
1.078576271768233497e+01
1.117812618440438399e+01
1.155879595033839813e+01
1.196775069636533750e+01
1.238505683428112647e+01
1.278911672158053037e+01
1.322232451126816599e+01
1.364121518575082703e+01
1.408971183713207509e+01
1.454576931715812371e+01
1.498583345575683445e+01
1.545600597787557717e+01
1.593305979104554027e+01
1.639239270792178260e+01
1.688208370006826797e+01
1.737781950390071373e+01
1.785407701700971828e+01
1.836066586867493555e+01
1.887230663584080403e+01
1.936270656743443297e+01
1.988311441002675650e+01
2.040742892544102460e+01
2.090876252978102912e+01
2.143946786337372146e+01
2.197279009730216615e+01
2.248144397733930688e+01
2.301850947098299827e+01
2.352983569184672774e+01
2.406875802237162887e+01
2.460786867992456806e+01
2.511971193840196648e+01
2.565764341431890472e+01
2.619415595945790542e+01
2.670201411475638054e+01
2.723412682141313468e+01
2.776312979649622292e+01
2.826226690766667460e+01
2.878350994746278957e+01
2.929989365398539292e+01
2.978540927286949369e+01
3.029058455591847121e+01
3.078911960347152998e+01
3.125602578630886086e+01
3.173987142593642119e+01
3.219173247786948622e+01
3.265859875973624327e+01
3.311587829353835133e+01
3.354087765607017957e+01
3.397777559412708825e+01
3.440337097805068112e+01
3.479670338202772939e+01
3.519864509216339599e+01
3.558765119987472758e+01
3.594474324530557396e+01
3.630701588159703874e+01
3.665483409555069017e+01
3.697143236165877056e+01
3.728968974562706507e+01
3.759211815851876537e+01
3.786437331391240235e+01
3.813472253748970076e+01
3.837578462267073576e+01
3.861258489296768914e+01
3.883166548797328232e+01
3.902308976081827296e+01
3.920672667409834844e+01
3.937178009978178039e+01
3.951114758458725618e+01
3.963929301311591047e+01
3.974822045397723969e+01
3.983375434155715311e+01
3.990477083149626480e+01
3.995617761269086543e+01
3.998678096007770932e+01
3.999975655382725392e+01
3.999298186019504442e+01
3.996826100365183265e+01
3.992302873012454256e+01
3.986186820111357321e+01
3.977843272624794224e+01
3.967557417674726139e+01
3.956000574162813166e+01
3.941973397115295086e+01
3.926056685379329991e+01
3.909206832062933756e+01
3.889675006605296659e+01
3.868330011104529831e+01
3.846400994902191428e+01
3.821611627123783705e+01
3.795107432444721951e+01
3.768374649785310737e+01
3.738637768230800873e+01
3.707304325752768648e+01
3.676098967727079980e+01
3.641781072245394313e+01
3.607825238613714447e+01
3.570704594107203889e+01
3.532221143638930272e+01
3.494447352172120702e+01
3.453458613564230717e+01
3.411265667967783344e+01
3.370118075934913549e+01
3.325739244770944225e+01
3.280324495380576622e+01
3.236274405889387396e+01
3.189008970175495250e+01
3.140882404930934513e+01
3.094419335945499583e+01
3.044786830267495503e+01
2.994471281780948146e+01
2.946094001065051060e+01
2.894620611082689976e+01
2.842642430107132867e+01
2.792850182902040501e+01
2.740059628404085856e+01
2.689602626288141707e+01
2.636223852208448548e+01
2.582628764357009388e+01
2.531564796730003764e+01
2.477710361090009172e+01
2.423804344589947135e+01
2.372594840358561896e+01
2.318741819505885360e+01
2.264992360446830943e+01
2.214071906790247368e+01
2.160667098014728893e+01
2.107509444439148538e+01
2.057280299475099383e+01
2.004734796865395552e+01
1.952566903183706515e+01
1.903394540247471411e+01
1.852079414469562835e+01
1.803786786879440385e+01
1.753467727936197562e+01
1.703710840374554891e+01
1.656992113040637804e+01
1.608423246341232371e+01
1.560507193144906068e+01
1.515616369645480965e+01
1.469049776333747381e+01
1.423210925716092845e+01
1.380358008855903940e+01
1.335999475272748072e+01
1.292428032911345603e+01
1.251779392057065188e+01
1.209789107051144441e+01
1.168630120382535864e+01
1.130309718519315965e+01
1.090803839886406124e+01
1.054070708999527994e+01
1.016250405727723738e+01
9.793033777372187387e+00
9.450162954553182004e+00
9.097825619098349748e+00
8.754300555156712349e+00
8.436114306625796644e+00
8.109761658103160187e+00
7.792185079481806831e+00
7.498583294867118276e+00
7.198005582542040592e+00
6.906065162836924287e+00
6.636660326701422363e+00
6.361358534110170382e+00
6.094466447914676621e+00
5.848622179793534492e+00
5.597848933765771307e+00
5.367125513364852551e+00
5.132053196699858155e+00
4.904853958452989104e+00
4.696189531986782129e+00
4.483966280514640523e+00
4.279219791514906390e+00
4.091505004433821036e+00
3.900920797536421070e+00
3.717377896160531936e+00
3.549393611902717627e+00
3.379134928121342973e+00
3.215455007499035123e+00
3.065906075354151383e+00
2.914590467644039951e+00
2.769375003505352595e+00
2.636921096481187554e+00
2.503128546095842566e+00
2.381229317078725316e+00
2.258234456110466581e+00
2.140535189802629912e+00
2.033477622777423388e+00
1.925637480547519820e+00
1.822616077287533054e+00
1.729064445095963798e+00
1.634984490805531099e+00
1.545260231670027462e+00
1.463917388351087867e+00
1.382249209867195461e+00
1.304492735566697759e+00
1.234114810592915390e+00
1.163570412534599807e+00
1.096516845676329455e+00
1.035924645282552126e+00
9.752873573832275822e-01
9.205516329323619740e-01
8.658334746678448823e-01
8.139657399089468282e-01
7.672212829126333622e-01
7.205666960374415009e-01
6.764150515021228882e-01
6.366881060199413023e-01
5.971007335709078712e-01
5.596983236878637635e-01
5.260977422765922284e-01
4.926683123022153055e-01
4.611352858865153670e-01
4.328523157012036937e-01
4.047578322561361519e-01
3.782999735564763766e-01
3.546064726732625627e-01
3.311078663425993107e-01
3.090137983866844129e-01
2.892591981134279844e-01
2.696977616956724444e-01
2.522257073237482161e-01
2.349423472268549196e-01
2.187352574395796945e-01
2.042818376623346532e-01
1.900067522878619020e-01
1.766419487001616995e-01
1.647417858039304517e-01
1.530066731517336076e-01
1.420373329114047734e-01
1.322852398020747389e-01
1.226832623042704989e-01
1.137220752985480532e-01
1.057675914071875556e-01
9.794761501322313269e-02
9.066103029995441209e-02
8.420297696926878905e-02
7.786387645177025862e-02
7.225127545958261177e-02
6.674763521388435428e-02
6.163278363725966519e-02
5.711106222341957167e-02
5.268390130910707847e-02
4.857593299944249626e-02
4.494988277857278614e-02
4.140507516059220572e-02
3.812098596495581276e-02
3.522658112492445953e-02
3.240132968893238985e-02
2.978795607010981117e-02
2.748818297934394611e-02
2.524676253016579913e-02
2.317666218581942300e-02
2.135773418264479834e-02
1.958764223442875652e-02
1.803387895652925135e-02
1.652334333061957275e-02
1.513185730261524045e-02
1.391227591712532359e-02
1.272841371809224978e-02
1.163954268261153599e-02
1.068663115812565519e-02
9.763021484777305303e-03
8.914832822673151094e-03
8.173669333499639089e-03
7.456376227536956960e-03
6.798672099245854118e-03
6.224821673239973492e-03
5.670286297698583743e-03
5.162601388641002362e-03
4.720308362042559443e-03
4.293542514300082574e-03
3.922114294123466884e-03
3.564079910285226048e-03
3.237130099255137918e-03
2.953000968915055723e-03
2.679526775107218643e-03
2.430178343201143572e-03
2.213810993245874520e-03
2.005868117217023475e-03
1.816559990651245206e-03
1.652536634669196343e-03
1.495134475696537242e-03
1.352056838832373705e-03
1.228273998774428825e-03
1.109664627304983789e-03
1.002013931423703522e-03
9.090191382420924207e-04
8.200433947120987352e-04
7.432566487790298214e-04
6.698605494247834337e-04
6.034142101152434887e-04
5.461556858683146078e-04
4.915066316040389875e-04
4.421074548017575752e-04
3.996020631727204052e-04
3.590938510128320886e-04
