3338.52440  1.23042e-15
3342.60065  1.22392e-15
3346.67691  1.18133e-15
3350.75421  1.16632e-15
3354.83151  1.15808e-15
3358.90672  1.16689e-15
3362.98402  1.14094e-15
3367.06028  1.19944e-15
3371.13653  1.19850e-15
3375.21279  1.22393e-15
3379.29009  1.17561e-15
3383.36739  1.18474e-15
3387.44260  1.27310e-15
3391.51990  1.23517e-15
3395.59616  1.23658e-15
3399.67346  1.19798e-15
3403.74971  1.24530e-15
3407.82597  1.19163e-15
3411.90327  1.15458e-15
3415.97848  1.17287e-15
3420.05578  1.13245e-15
3424.13308  1.21742e-15
3428.20934  1.18126e-15
3432.28559  1.15784e-15
3436.36185  1.17889e-15
3440.43915  1.13290e-15
3444.51541  1.17895e-15
3448.59166  1.12546e-15
3452.66792  1.16962e-15
3456.74522  1.16819e-15
3460.82252  1.17841e-15
3464.89773  1.19673e-15
3468.97503  1.24677e-15
3473.05233  1.21116e-15
3477.12754  1.22991e-15
3481.20484  1.19589e-15
3485.28110  1.15329e-15
3489.35840  1.14363e-15
3493.43361  1.22734e-15
3497.51091  1.12439e-15
3501.58821  1.14035e-15
3505.66447  1.12126e-15
3509.74072  1.12395e-15
3513.81698  1.13001e-15
3517.89428  1.16420e-15
3521.96949  1.06487e-15
3526.04679  1.10831e-15
3530.12409  1.07350e-15
3534.20035  1.13292e-15
3538.27660  1.11321e-15
3542.35391  1.07524e-15
3546.43016  1.09041e-15
3550.50746  1.09077e-15
3554.58267  1.09826e-15
3558.65997  1.08189e-15
3562.73623  1.09100e-15
3566.81248  1.06191e-15
3570.88979  1.05647e-15
3574.96604  1.09475e-15
3579.04334  1.04641e-15
3583.11855  1.09337e-15
3587.19585  1.05290e-15
3591.27211  1.07275e-15
3595.34941  1.08626e-15
3599.42567  1.09529e-15
3603.50192  1.09004e-15
3607.57922  1.09848e-15
3611.65548  1.08557e-15
3615.73173  1.09622e-15
3619.80904  1.05883e-15
3623.88529  1.08420e-15
3627.96155  1.09102e-15
3632.03780  1.08672e-15
3636.11510  1.09576e-15
3640.19136  1.09537e-15
3644.26761  1.08034e-15
3648.34492  1.06528e-15
3652.42117  1.09267e-15
3656.49847  1.10204e-15
3660.57368  1.09102e-15
3664.65098  1.08372e-15
3668.72828  1.06717e-15
3672.80349  1.08374e-15
3676.88080  1.09586e-15
3680.95705  1.08942e-15
3685.03435  1.08219e-15
3689.11061  1.08234e-15
3693.18686  1.09445e-15
3697.26416  1.13255e-15
3701.34042  1.13669e-15
3705.41668  1.08535e-15
3709.49293  1.09158e-15
3713.57023  1.09475e-15
3717.64649  1.09209e-15
3721.72274  1.06721e-15
3725.80005  1.08274e-15
3729.87630  1.06181e-15
3733.95256  1.07724e-15
3738.02986  1.08440e-15
3742.10611  1.07286e-15
3746.18341  1.06355e-15
3750.25862  1.03378e-15
3754.33593  1.09621e-15
3758.41323  1.07632e-15
3762.48948  1.09605e-15
3766.56574  1.07513e-15
3770.64199  1.05658e-15
3774.71929  1.03973e-15
3778.79450  1.08629e-15
3782.87181  1.04820e-15
3786.94806  1.05960e-15
3791.02536  1.05921e-15
3795.10162  1.06719e-15
3799.17787  1.05778e-15
3803.25517  1.04834e-15
3807.33248  1.04251e-15
3811.40769  1.04038e-15
3815.48499  1.02778e-15
3819.56124  1.02330e-15
3823.63750  9.18419e-16
3827.71375  9.15100e-16
3831.79105  9.03589e-16
3835.86836  9.07402e-16
3839.94357  9.30141e-16
3844.02087  9.06873e-16
3848.09712  9.25696e-16
3852.17442  9.09210e-16
3856.24963  9.31019e-16
3860.32694  8.73772e-16
3864.40424  8.82133e-16
3868.48049  8.76982e-16
3872.55675  8.98892e-16
3876.63405  8.94869e-16
3880.71030  8.74393e-16
3884.78656  8.58019e-16
3888.86282  8.65340e-16
3892.94012  8.42543e-16
3897.01637  8.42165e-16
3901.09263  8.44617e-16
3905.16993  8.58376e-16
3909.24618  8.60219e-16
3913.32349  8.44185e-16
3917.39870  8.40349e-16
3921.47600  8.02592e-16
3925.55225  8.18152e-16
3929.62851  8.20821e-16
3933.70581  8.00007e-16
3937.78206  7.92100e-16
3941.85937  7.99399e-16
3945.93562  8.07116e-16
3950.01188  8.10159e-16
3954.08918  8.33941e-16
3958.16543  8.23643e-16
3962.24169  8.13300e-16
3966.31795  7.92373e-16
3970.39525  7.58499e-16
3974.47150  7.26601e-16
3978.54776  7.28306e-16
3982.62506  7.43517e-16
3986.70131  7.62437e-16
3990.77757  7.89881e-16
3994.85383  7.99228e-16
3998.93113  8.07452e-16
4003.00843  8.20817e-16
4007.08364  8.14844e-16
4011.16094  8.10252e-16
4015.23719  7.75905e-16
4019.31450  7.75949e-16
4023.39075  8.00134e-16
4027.46701  8.06450e-16
4031.54431  7.86154e-16
4035.61952  7.78646e-16
4039.69682  7.64057e-16
4043.77307  7.81289e-16
4047.85038  7.83057e-16
4051.92663  7.55655e-16
4056.00289  7.47539e-16
4060.08019  7.38591e-16
4064.15644  7.03773e-16
4068.23270  6.91266e-16
4072.31000  6.97521e-16
4076.38626  7.37474e-16
4080.46251  7.44534e-16
4084.53877  7.53099e-16
4088.61607  7.42997e-16
4092.69337  7.91950e-16
4096.76858  7.77425e-16
4100.84588  7.63279e-16
4104.92214  7.58251e-16
4108.99944  7.39823e-16
4113.07569  7.39327e-16
4117.15195  7.31624e-16
4121.22925  7.05048e-16
4125.30551  7.27674e-16
4129.38176  7.31057e-16
4133.45802  7.25531e-16
4137.53532  7.51131e-16
4141.61053  7.51933e-16
4145.68783  7.16348e-16
4149.76513  6.99936e-16
4153.84139  6.66251e-16
4157.91764  6.76931e-16
4161.99494  6.69280e-16
4166.07120  6.66578e-16
4170.14745  6.85673e-16
4174.22371  6.77961e-16
4178.30101  6.64830e-16
4182.37727  6.71904e-16
4186.45352  6.56044e-16
4190.53082  6.40928e-16
4194.60708  6.24169e-16
4198.68438  6.35966e-16
4202.75959  6.64202e-16
4206.83689  6.31882e-16
4210.91419  6.40195e-16
4214.99045  6.47555e-16
4219.06670  6.78201e-16
4223.14296  6.59237e-16
4227.22026  6.86671e-16
4231.29652  7.07603e-16
4235.37277  6.85717e-16
4239.45007  6.90387e-16
4243.52633  6.72561e-16
4247.60258  6.55797e-16
4251.67884  6.65439e-16
4255.75614  6.69771e-16
4259.83344  6.64199e-16
4263.90865  6.70412e-16
4267.98595  6.66039e-16
4272.06221  6.70180e-16
4276.13951  6.62397e-16
4280.21472  6.73740e-16
4284.29202  6.72759e-16
4288.36932  6.57446e-16
4292.44453  6.21830e-16
4296.52183  6.36104e-16
4300.59913  6.40949e-16
4304.67539  6.58785e-16
4308.75060  6.46493e-16
4312.82790  6.48005e-16
4316.90520  6.42632e-16
4320.98146  6.37237e-16
4325.05771  6.12160e-16
4329.13397  6.39640e-16
4333.21127  6.27880e-16
4337.28753  6.26148e-16
4341.36378  6.20902e-16
4345.44108  6.10841e-16
4349.51838  6.14243e-16
4353.59359  6.31148e-16
4357.66985  6.12812e-16
4361.74715  6.15202e-16
4365.82445  6.17649e-16
4369.89966  6.16581e-16
4373.97696  6.13235e-16
4378.05426  6.02255e-16
4382.13052  5.92091e-16
4386.20677  5.69106e-16
4390.28303  5.52182e-16
4394.36033  5.48908e-16
4398.43659  5.31858e-16
4402.51284  5.60404e-16
4406.59014  5.28348e-16
4410.66640  5.27139e-16
4414.74266  5.42504e-16
4418.81891  5.34858e-16
4422.89621  5.17176e-16
4426.97351  5.15717e-16
4431.04872  5.12332e-16
4435.12602  5.16014e-16
4439.20228  4.94382e-16
4443.27854  4.88446e-16
4447.35479  5.03350e-16
4451.43209  5.10955e-16
4455.50939  5.40055e-16
4459.58460  5.44131e-16
4463.66190  5.53302e-16
4467.73816  5.76351e-16
4471.81546  5.81725e-16
4475.89172  5.81528e-16
4479.96797  5.70821e-16
4484.04527  5.89008e-16
4488.12153  5.79353e-16
4492.19778  5.64389e-16
4496.27404  5.64263e-16
4500.35134  5.66730e-16
4504.42760  5.71670e-16
4508.50385  5.73903e-16
4512.58115  5.75199e-16
4516.65741  5.62664e-16
4520.73366  5.77614e-16
4524.81097  5.55514e-16
4528.88722  5.74684e-16
4532.96348  5.61314e-16
4537.04078  5.53737e-16
4541.11703  5.47349e-16
4545.19329  5.34241e-16
4549.26955  5.41736e-16
4553.34685  5.39012e-16
4557.42310  5.70946e-16
4561.50040  5.59376e-16
4565.57666  5.71959e-16
4569.65291  5.64059e-16
4573.72917  5.49555e-16
4577.80647  5.52473e-16
4581.88273  5.54529e-16
4585.95898  5.58785e-16
4590.03628  5.63624e-16
4594.11254  5.51726e-16
4598.18879  5.79416e-16
4602.26610  5.62514e-16
4606.34235  5.79531e-16
4610.41861  5.86622e-16
4614.49591  5.95688e-16
4618.57216  6.05063e-16
4622.64947  5.80985e-16
4626.72467  5.89734e-16
4630.80198  5.80244e-16
4634.87823  5.67677e-16
4638.95449  5.60228e-16
4643.03179  5.50398e-16
4647.10804  5.49843e-16
4651.18535  5.35867e-16
4655.26056  5.32986e-16
4659.33786  5.31667e-16
4663.41516  5.15461e-16
4667.49141  5.16725e-16
4671.56767  5.18506e-16
4675.64497  5.36500e-16
4679.72123  5.27256e-16
4683.79748  5.13117e-16
4687.87374  5.09544e-16
4691.95104  5.04524e-16
4696.02729  5.18801e-16
4700.10355  4.96290e-16
4704.17980  4.93955e-16
4708.25711  5.13247e-16
4712.33336  5.09556e-16
4716.40962  5.06767e-16
4720.48692  5.11789e-16
4724.56317  4.96980e-16
4728.64047  4.87557e-16
4732.71568  4.82187e-16
4736.79299  4.80683e-16
4740.87029  4.85932e-16
4744.94550  4.83622e-16
4749.02280  4.86414e-16
4753.10010  4.97752e-16
4757.17636  5.03196e-16
4761.25156  4.81077e-16
4765.32887  4.91894e-16
4769.40617  5.10975e-16
4773.48242  4.99675e-16
4777.55868  5.06967e-16
4781.63598  5.01530e-16
4785.71224  4.93250e-16
4789.78849  5.05584e-16
4793.86475  5.04159e-16
4797.94205  5.10262e-16
4802.01935  5.01404e-16
4806.09456  5.18041e-16
4810.17186  5.19392e-16
4814.24812  5.11792e-16
4818.32542  5.16277e-16
4822.40063  5.14142e-16
4826.47793  5.24170e-16
4830.55523  5.20533e-16
4834.63148  5.17498e-16
4838.70774  5.18288e-16
4842.78400  5.47432e-16
4846.86130  5.43712e-16
4850.93651  5.45547e-16
4855.01381  5.33863e-16
4859.09111  5.21582e-16
4863.16737  5.30263e-16
4867.24362  5.30178e-16
4871.31988  5.26934e-16
4875.39718  5.38349e-16
4879.47448  5.31870e-16
4883.54969  5.25148e-16
4887.62699  5.23622e-16
4891.70325  5.33873e-16
4895.77950  5.30208e-16
4899.85576  5.29210e-16
4903.93306  5.28711e-16
4908.01036  5.18254e-16
4912.08557  5.10636e-16
4916.16287  5.04358e-16
4920.23913  5.02391e-16
4924.31643  5.09258e-16
4928.39268  5.14224e-16
4932.46894  5.04567e-16
4936.54624  5.03876e-16
4940.62249  5.08865e-16
4944.69875  4.92120e-16
4948.77501  4.77644e-16
4952.85231  4.76738e-16
4956.92856  4.78384e-16
4961.00482  4.78015e-16
4965.08212  4.86383e-16
4969.15942  4.80417e-16
4973.23463  4.60700e-16
4977.31193  4.68009e-16
4981.38819  4.96981e-16
4985.46549  4.99597e-16
4989.54174  5.20165e-16
4993.61800  5.37593e-16
4997.69426  5.56697e-16
5001.77051  5.82940e-16
5005.84781  5.85722e-16
5009.92407  5.85512e-16
5014.00137  5.88229e-16
5018.07762  6.11154e-16
5022.15388  5.71580e-16
5026.23014  5.76422e-16
5030.30744  5.62960e-16
5034.38369  5.67113e-16
5038.45995  5.69434e-16
5042.53725  5.52130e-16
5046.61350  5.59825e-16
5050.68976  5.59706e-16
5054.76706  5.54253e-16
5058.84332  5.59257e-16
5062.91957  5.67070e-16
5066.99687  5.57791e-16
5071.07313  5.40732e-16
5075.15043  5.34307e-16
5079.22564  5.19133e-16
5083.30294  5.33679e-16
5087.37920  5.30396e-16
5091.45650  5.20156e-16
5095.53275  5.12812e-16
5099.60901  5.41600e-16
5103.68631  5.38475e-16
5107.76152  5.25801e-16
5111.83882  5.28623e-16
5115.91612  5.36335e-16
5119.99238  5.31748e-16
5124.06863  5.21628e-16
5128.14594  5.22273e-16
5132.22219  5.20119e-16
5136.29845  5.15369e-16
5140.37470  5.25266e-16
5144.45200  5.06131e-16
5148.52826  5.27461e-16
5152.60451  5.42350e-16
5156.68182  5.29380e-16
5160.75807  5.41569e-16
5164.83433  5.34797e-16
5168.91058  5.42520e-16
5172.98788  5.45025e-16
5177.06414  5.35478e-16
5181.14144  5.38554e-16
5185.21665  5.24519e-16
5189.29395  5.06659e-16
5193.37125  4.82685e-16
5197.44751  4.93916e-16
5201.52376  4.71691e-16
5205.60107  4.81651e-16
5209.67732  4.81359e-16
5213.75253  4.45314e-16
5217.82983  4.64438e-16
5221.90713  4.57041e-16
5225.98339  4.59141e-16
5230.05964  4.47060e-16
5234.13695  4.46532e-16
5238.21320  4.57250e-16
5242.29050  4.35157e-16
5246.36571  4.41382e-16
5250.44301  4.35124e-16
5254.52031  4.27594e-16
5258.59552  4.34445e-16
5262.67283  4.36249e-16
5266.74908  4.29988e-16
5270.82638  4.36218e-16
5274.90159  4.22233e-16
5278.97889  4.24258e-16
5283.05619  4.16988e-16
5287.13245  4.19389e-16
5291.20871  4.23178e-16
5295.28496  4.09026e-16
5299.36226  4.22574e-16
5303.43852  4.16515e-16
5307.51477  4.01820e-16
5311.59207  4.11220e-16
5315.66833  4.12933e-16
5319.74459  4.15760e-16
5323.82084  4.14902e-16
5327.89814  4.19002e-16
5331.97544  4.13042e-16
5336.05065  4.15204e-16
5340.12796  4.03285e-16
5344.20526  4.16953e-16
5348.28151  4.08867e-16
5352.35672  3.96326e-16
5356.43402  3.89051e-16
5360.51132  3.92782e-16
5364.58653  3.87229e-16
5368.66384  3.93448e-16
5372.74009  3.91947e-16
5376.81739  3.88997e-16
5380.89365  3.80535e-16
5384.96990  3.84672e-16
5389.04720  3.80899e-16
5393.12451  3.84825e-16
5397.19972  3.84971e-16
5401.27597  3.64374e-16
5405.35327  3.56794e-16
5409.42953  3.57372e-16
5413.50578  3.57442e-16
5417.58308  3.68196e-16
5421.66039  3.72954e-16
5425.73560  3.75726e-16
5429.81290  3.68096e-16
5433.88915  3.58438e-16
5437.96645  3.59896e-16
5442.04166  3.70119e-16
5446.11897  3.47956e-16
5450.19627  3.55739e-16
5454.27252  3.61582e-16
5458.34878  3.49241e-16
5462.42503  3.63487e-16
5466.50233  3.58011e-16
5470.57859  3.65531e-16
5474.65485  3.61698e-16
5478.73215  3.60833e-16
5482.80840  3.58059e-16
5486.88466  3.49801e-16
5490.96091  3.47822e-16
5495.03821  3.66682e-16
5499.11552  3.58411e-16
5503.19073  3.39942e-16
5507.26803  3.51760e-16
5511.34428  3.44368e-16
5515.42054  3.42129e-16
5519.49784  3.46249e-16
5523.57409  3.40802e-16
5527.65140  3.39842e-16
5531.72765  3.32047e-16
5535.80391  3.27200e-16
5539.88016  3.38732e-16
5543.95746  3.31545e-16
5548.03372  3.37698e-16
5552.10997  3.52767e-16
5556.18728  3.26445e-16
5560.26249  3.21403e-16
5564.33979  3.17657e-16
5568.41709  3.36877e-16
5572.49334  3.38168e-16
5576.56960  3.25879e-16
5580.64586  3.26710e-16
5584.72316  3.22201e-16
5588.79941  3.29005e-16
5592.87567  3.39698e-16
5596.95297  3.35004e-16
5601.02922  3.32817e-16
5605.10548  3.28225e-16
5609.18278  3.20249e-16
5613.25904  3.06838e-16
5617.33529  3.11372e-16
5621.41155  3.06590e-16
5625.48885  3.31088e-16
5629.56510  3.10828e-16
5633.64241  3.13753e-16
5637.71866  2.92464e-16
5641.79492  3.09382e-16
5645.87222  3.25348e-16
5649.94847  3.09134e-16
5654.02473  3.07419e-16
5658.10203  3.06543e-16
5662.17829  3.18453e-16
5666.25454  3.22667e-16
5670.33080  3.06469e-16
5674.40810  3.05364e-16
5678.48435  3.13968e-16
5682.56061  3.07930e-16
5686.63791  2.91638e-16
5690.71417  2.99603e-16
5694.79147  3.01400e-16
5698.86668  3.14440e-16
5702.94398  3.03899e-16
5707.02128  3.03952e-16
5711.09649  3.08222e-16
5715.17379  3.06184e-16
5719.25005  3.10032e-16
5723.32735  3.03606e-16
5727.40256  2.94375e-16
5731.47986  2.94274e-16
5735.55716  2.98097e-16
5739.63342  3.01923e-16
5743.70967  2.94068e-16
5747.78593  2.89952e-16
5751.86323  2.99574e-16
5755.93948  2.87609e-16
5760.01574  2.74397e-16
5764.09304  2.87839e-16
5768.16930  3.00143e-16
5772.24555  2.90592e-16
5776.32181  2.90800e-16
5780.39911  2.94438e-16
5784.47641  2.86352e-16
5788.55162  2.82971e-16
5792.62892  2.83961e-16
5796.70622  2.89811e-16
5800.78248  2.94011e-16
5804.85769  2.91411e-16
5808.93499  2.84299e-16
5813.01229  2.86545e-16
5817.08750  2.97356e-16
5821.16480  2.92670e-16
5825.24210  2.97866e-16
5829.31836  2.99820e-16
5833.39461  2.91053e-16
5837.47087  3.01938e-16
5841.54817  2.88928e-16
5845.62547  2.83050e-16
5849.70068  3.09086e-16
5853.77798  2.92922e-16
5857.85424  3.15505e-16
5861.93049  3.06145e-16
5866.00675  3.04239e-16
5870.08405  3.05372e-16
5874.16135  2.99704e-16
5878.23656  2.99127e-16
5882.31282  3.06655e-16
5886.39012  2.99935e-16
5890.46742  2.81162e-16
5894.54263  2.91417e-16
5898.61993  2.89394e-16
5902.69723  2.95790e-16
5906.77349  2.97475e-16
5910.84974  2.93425e-16
5914.92600  2.88784e-16
5919.00330  2.98685e-16
5923.07956  3.05053e-16
5927.15581  3.00270e-16
5931.23311  2.97970e-16
5935.30937  2.98507e-16
5939.38562  2.86388e-16
5943.46188  2.86572e-16
5947.53918  2.88766e-16
5951.61648  2.76415e-16
5955.69169  2.83554e-16
5959.76899  3.04230e-16
5963.84525  2.85142e-16
5967.92150  2.74902e-16
5971.99880  2.91653e-16
5976.07506  2.81241e-16
5980.15236  2.85764e-16
5984.22862  2.85605e-16
5988.30487  2.76021e-16
5992.38113  2.76079e-16
5996.45843  2.75072e-16
6000.53468  2.71460e-16
6004.61094  2.67950e-16
6008.68824  2.68610e-16
6012.76450  2.68506e-16
6016.84075  2.69925e-16
6020.91701  2.76500e-16
6024.99431  2.73866e-16
6029.07057  2.73714e-16
6033.14682  2.80026e-16
6037.22412  2.85320e-16
6041.30038  3.04287e-16
6045.37663  3.02930e-16
6049.45393  3.05827e-16
6053.53019  3.09101e-16
6057.60749  3.11988e-16
6061.68375  3.09459e-16
6065.76000  3.10137e-16
6069.83626  3.10384e-16
6073.91251  3.05302e-16
6077.98981  3.12693e-16
6082.06607  3.14685e-16
6086.14337  3.04754e-16
6090.21963  3.01684e-16
6094.29588  3.16487e-16
6098.37318  3.14340e-16
6102.44944  3.22508e-16
6106.52569  3.10537e-16
6110.60300  3.06042e-16
6114.67925  3.16829e-16
6118.75551  3.19959e-16
6122.83176  3.15921e-16
6126.90906  3.11485e-16
6130.98532  3.06244e-16
6135.06158  3.02343e-16
6139.13888  2.98332e-16
6143.21513  3.01567e-16
6147.29243  3.13426e-16
6151.36764  3.09117e-16
6155.44494  3.07624e-16
6159.52120  2.96313e-16
6163.59850  2.97202e-16
6167.67476  2.96823e-16
6171.75101  3.02865e-16
6175.82831  2.93852e-16
6179.90352  2.89231e-16
6183.98082  2.97747e-16
6188.05813  3.04191e-16
6192.13438  2.90809e-16
6196.21064  2.85139e-16
6200.28794  2.97006e-16
6204.36419  2.97640e-16
6208.44045  2.89444e-16
6212.51670  2.91476e-16
6216.59401  3.00749e-16
6220.67026  2.95144e-16
6224.74652  2.89937e-16
6228.82277  3.02893e-16
6232.90007  2.97443e-16
6236.97738  2.88570e-16
6241.05258  2.93910e-16
6245.12989  2.90108e-16
6249.20719  2.96420e-16
6253.28344  2.98654e-16
6257.35865  2.82501e-16
6261.43595  2.96136e-16
6265.51326  2.88840e-16
6269.58951  2.76966e-16
6273.66577  2.88613e-16
6277.74307  2.67268e-16
6281.81932  2.53311e-16
6285.89558  2.57982e-16
6289.97183  2.68372e-16
6294.04914  2.59904e-16
6298.12539  2.61984e-16
6302.20165  2.54686e-16
6306.27895  2.56036e-16
6310.35520  2.74503e-16
6314.43250  2.62622e-16
6318.50771  2.76050e-16
6322.58502  2.83235e-16
6326.66232  2.65080e-16
6330.73753  2.66711e-16
6334.81483  2.63507e-16
6338.89108  2.50460e-16
6342.96838  2.58320e-16
6347.04359  2.46957e-16
6351.12090  2.58806e-16
6355.19820  2.68792e-16
6359.27445  2.63901e-16
6363.35071  2.65039e-16
6367.42696  2.62329e-16
6371.50427  2.64812e-16
6375.58052  2.55430e-16
6379.65678  2.65297e-16
6383.73408  2.64171e-16
6387.81138  2.53977e-16
6391.88659  2.58103e-16
6395.96284  2.62268e-16
6400.04015  2.61842e-16
6404.11745  2.67852e-16
6408.19266  2.68496e-16
6412.26996  2.71402e-16
6416.34621  2.72542e-16
6420.42351  2.68118e-16
6424.49977  2.64430e-16
6428.57603  2.68836e-16
6432.65333  2.68449e-16
6436.72854  2.68711e-16
6440.80584  2.74271e-16
6444.88209  2.60665e-16
6448.95939  2.72663e-16
6453.03565  2.80446e-16
6457.11191  2.73839e-16
6461.18921  2.75751e-16
6465.26651  2.83790e-16
6469.34172  2.69334e-16
6473.41797  2.61281e-16
6477.49528  2.62591e-16
6481.57153  2.65345e-16
6485.64779  2.89688e-16
6489.72509  2.74912e-16
6493.80239  2.80165e-16
6497.87760  2.83379e-16
6501.95490  3.03613e-16
6506.03116  2.91236e-16
6510.10846  2.99593e-16
6514.18471  2.93270e-16
6518.26097  2.87776e-16
6522.33827  3.04135e-16
6526.41348  3.10364e-16
6530.49078  2.99027e-16
6534.56704  2.81496e-16
6538.64434  2.91544e-16
6542.72059  3.05669e-16
6546.79685  3.03031e-16
6550.87415  2.96376e-16
6554.95040  3.01815e-16
6559.02666  2.91662e-16
6563.10396  3.00835e-16
6567.18022  3.03598e-16
6571.25752  3.11490e-16
6575.33273  3.20061e-16
6579.41003  3.01787e-16
6583.48628  2.95413e-16
6587.56254  3.01331e-16
6591.63984  3.05364e-16
6595.71610  3.11258e-16
6599.79340  3.05577e-16
6603.86861  3.22427e-16
6607.94591  3.00738e-16
6612.02217  2.84130e-16
6616.09947  2.93663e-16
6620.17572  3.07530e-16
6624.25198  3.02983e-16
6628.32928  2.96678e-16
6632.40449  2.85222e-16
6636.48179  2.78322e-16
6640.55909  2.95793e-16
6644.63535  2.99712e-16
6648.71160  2.94097e-16
6652.78890  2.95697e-16
6656.86516  2.76008e-16
6660.94141  2.85581e-16
6665.01767  2.95816e-16
6669.09497  3.04380e-16
6673.17123  2.95841e-16
6677.24748  2.89508e-16
6681.32478  2.94387e-16
6685.40104  2.97332e-16
6689.47834  2.96486e-16
6693.55355  3.00546e-16
6697.63085  3.00168e-16
6701.70815  3.00630e-16
6705.78441  3.00405e-16
6709.86066  2.99459e-16
6713.93692  3.13991e-16
6718.01422  3.10730e-16
6722.09048  3.21074e-16
6726.16673  3.23671e-16
6730.24403  3.25367e-16
6734.32029  3.45031e-16
6738.39550  3.63999e-16
6742.47280  3.84324e-16
6746.55010  4.08069e-16
6750.62636  4.21762e-16
6754.70261  4.32606e-16
6758.77991  4.53297e-16
6762.85617  4.53449e-16
6766.93347  4.51794e-16
6771.00868  4.50236e-16
6775.08598  4.52610e-16
6779.16328  4.55203e-16
6783.23849  4.50164e-16
6787.31579  4.44177e-16
6791.39205  4.38275e-16
6795.46935  4.25442e-16
6799.54456  4.26080e-16
6803.62186  4.24479e-16
6807.69916  4.12783e-16
6811.77542  4.19129e-16
6815.85167  4.06698e-16
6819.92793  4.14155e-16
6824.00523  4.09139e-16
6828.08149  4.19134e-16
6832.15774  4.06235e-16
6836.23504  3.92959e-16
6840.31234  3.90490e-16
6844.38755  4.01738e-16
6848.46381  4.08397e-16
6852.54111  3.81716e-16
6856.61841  4.05228e-16
6860.69362  4.08042e-16
6864.77092  4.24965e-16
6868.84822  4.00541e-16
6872.92448  3.67741e-16
6876.99969  3.81318e-16
6881.07699  3.91334e-16
6885.15429  4.12222e-16
6889.22950  4.18681e-16
6893.30680  3.90613e-16
6897.38410  3.77788e-16
6901.46036  3.83797e-16
6905.53662  3.87791e-16
6909.61287  3.73353e-16
6913.69017  3.74514e-16
6917.76747  3.87241e-16
6921.84268  3.68583e-16
6925.91894  3.68382e-16
6929.99624  3.78087e-16
6934.07250  3.66909e-16
6938.14875  3.73714e-16
6942.22605  3.76254e-16
6946.30335  3.76694e-16
6950.37856  3.85890e-16
6954.45587  3.72660e-16
6958.53212  3.93793e-16
6962.60942  4.01965e-16
6966.68568  3.75918e-16
6970.76193  3.81992e-16
6974.83923  3.73052e-16
6978.91549  3.80799e-16
6982.99175  3.97792e-16
6987.06800  3.98526e-16
6991.14530  3.83158e-16
6995.22156  3.79862e-16
6999.29781  3.88534e-16
7003.37511  3.76348e-16
7007.45137  3.59701e-16
7011.52763  3.43390e-16
7015.60388  3.24400e-16
7019.68118  3.16380e-16
7023.75848  3.02108e-16
7027.83369  2.95410e-16
7031.91099  2.90066e-16
7035.98725  3.00428e-16
7040.06351  3.00620e-16
7044.14081  2.97561e-16
7048.21706  2.96303e-16
7052.29436  2.85875e-16
7056.37062  2.86805e-16
7060.44688  2.85212e-16
7064.52313  2.83567e-16
7068.60043  2.96066e-16
7072.67669  2.91809e-16
7076.75294  2.71824e-16
7080.83024  2.72592e-16
7084.90650  2.72838e-16
7088.98276  2.84880e-16
7093.06006  2.85549e-16
7097.13631  2.80519e-16
7101.21257  2.66836e-16
7105.28987  2.53755e-16
7109.36612  2.70028e-16
7113.44238  2.87855e-16
7117.51864  2.77977e-16
7121.59594  2.73226e-16
7125.67219  2.65343e-16
7129.74949  2.57274e-16
7133.82575  2.76968e-16
7137.90200  2.72096e-16
7141.97931  2.56449e-16
7146.05452  2.52663e-16
7150.13182  2.52251e-16
7154.20807  2.55473e-16
7158.28537  2.57376e-16
7162.36163  2.49919e-16
7166.43789  2.47777e-16
7170.51519  2.40296e-16
7174.59144  2.44042e-16
7178.66770  2.52865e-16
7182.74500  2.30446e-16
7186.82125  2.28778e-16
7190.89751  2.25837e-16
7194.97377  2.29137e-16
7199.05107  2.27138e-16
7203.12732  2.30890e-16
7207.20358  2.31252e-16
7211.28088  2.28323e-16
7215.35713  2.33793e-16
7219.43444  2.46567e-16
7223.50965  2.39639e-16
7227.58695  2.14869e-16
7231.66425  2.04522e-16
7235.74050  2.11945e-16
7239.81676  2.23256e-16
7243.89406  2.32809e-16
7247.97032  2.29059e-16
7252.04553  2.23996e-16
7256.12283  2.28616e-16
7260.20013  2.38772e-16
7264.27638  2.33017e-16
7268.35264  2.24774e-16
7272.42889  2.32457e-16
7276.50620  2.47267e-16
7280.58350  2.46874e-16
7284.65871  2.44397e-16
7288.73601  2.43986e-16
7292.81226  2.36613e-16
7296.88852  2.30901e-16
7300.96478  2.32762e-16
7305.04208  2.35717e-16
7309.11938  2.25998e-16
7313.19459  2.14803e-16
7317.27189  2.35815e-16
7321.34919  2.35101e-16
7325.42545  2.12256e-16
7329.50066  2.18794e-16
7333.57796  2.15378e-16
7337.65526  2.33118e-16
7341.73151  2.34484e-16
7345.80777  2.15363e-16
7349.88507  2.15622e-16
7353.96133  2.33801e-16
7358.03758  2.49567e-16
7362.11384  2.41670e-16
7366.19114  2.24525e-16
7370.26844  2.24449e-16
7374.34365  2.24581e-16
7378.42095  2.23302e-16
7382.49721  2.27124e-16
7386.57451  2.22008e-16
7390.64972  2.34657e-16
7394.72702  2.47607e-16
7398.80432  2.23523e-16
7402.87953  2.09979e-16
7406.95683  2.18502e-16
7411.03309  2.27447e-16
7415.11039  2.21097e-16
7419.18664  2.10928e-16
7423.26290  2.21844e-16
7427.34020  2.30896e-16
7431.41750  2.21600e-16
7435.49271  2.15636e-16
7439.56897  2.05847e-16
7443.64627  2.20625e-16
7447.72252  2.05253e-16
7451.79878  2.05429e-16
7455.87608  2.20943e-16
