3.338421875000000000e+03 1.608352702530665292e-15
3.342497402191159836e+03 1.503044136184019781e-15
3.346572929382330130e+03 1.600047230834068495e-15
3.350648456573489966e+03 1.571129057207566230e-15
3.354723983764649802e+03 1.601609966378140606e-15
3.358799510955810092e+03 1.510848872195720072e-15
3.362875038146969928e+03 1.651776391073070579e-15
3.366950565338140223e+03 1.496029021829270969e-15
3.371026092529300058e+03 1.589321995209635244e-15
3.375101619720459894e+03 1.494115496176274373e-15
3.379177146911620184e+03 1.642807857288232417e-15
3.383252674102780020e+03 1.545493178482609101e-15
3.387328201293949860e+03 1.626276013625482644e-15
3.391403728485110150e+03 1.648721765830454755e-15
3.395479255676269986e+03 1.523817788869784961e-15
3.399554782867429822e+03 1.618745719287234695e-15
3.403630310058600116e+03 1.647670771151167235e-15
3.407705837249759952e+03 1.638545413552927172e-15
3.411781364440919788e+03 1.555194244553731287e-15
3.415856891632080078e+03 1.613672331358945067e-15
3.419932418823249918e+03 1.524539315976180506e-15
3.424007946014410209e+03 1.543629863962850670e-15
3.428083473205570044e+03 1.602638950697652351e-15
3.432159000396729880e+03 1.553866744729761831e-15
3.436234527587890170e+03 1.617020657339817331e-15
3.440310054779060010e+03 1.616325955359398043e-15
3.444385581970219846e+03 1.513148954792276491e-15
3.448461109161380136e+03 1.464078233319928457e-15
3.452536636352539972e+03 1.586389114769528655e-15
3.456612163543699808e+03 1.522785365431557684e-15
3.460687690734870102e+03 1.514426931306750652e-15
3.464763217926029938e+03 1.574348072324756508e-15
3.468838745117189774e+03 1.548115162590884549e-15
3.472914272308350064e+03 1.504421847141227403e-15
3.476989799499509900e+03 1.563099402831908105e-15
3.481065326690680195e+03 1.565041129258367092e-15
3.485140853881840030e+03 1.534900005016829709e-15
3.489216381072999866e+03 1.494983529739926999e-15
3.493291908264160156e+03 1.511855158331713567e-15
3.497367435455319992e+03 1.608549420121160341e-15
3.501442962646489832e+03 1.538327430728145793e-15
3.505518489837650122e+03 1.497833871330875023e-15
3.509594017028809958e+03 1.468563531947961942e-15
3.513669544219969794e+03 1.500798391663159140e-15
3.517745071411140088e+03 1.396714151579034684e-15
3.521820598602299924e+03 1.516219399980981079e-15
3.525896125793460214e+03 1.480266165111183231e-15
3.529971652984620050e+03 1.513878735783588445e-15
3.534047180175779886e+03 1.535301006258992360e-15
3.538122707366950181e+03 1.442021789353487846e-15
3.542198234558110016e+03 1.508343818123752786e-15
3.546273761749269852e+03 1.550153184341362057e-15
3.550349288940430142e+03 1.493918090762036454e-15
3.554424816131589978e+03 1.446376401470353605e-15
3.558500343322759818e+03 1.433062197277308371e-15
3.562575870513920108e+03 1.490443893036197342e-15
3.566651397705079944e+03 1.463437181591462078e-15
3.570726924896239780e+03 1.421531520049834483e-15
3.574802452087410074e+03 1.470994988879429548e-15
3.578877979278569910e+03 1.492424137592263738e-15
3.582953506469730200e+03 1.426983211036768117e-15
3.587029033660890036e+03 1.421823845140604986e-15
3.591104560852049872e+03 1.373664490127717666e-15
3.595180088043220167e+03 1.433025054795186899e-15
3.599255615234380002e+03 1.497399166725305644e-15
3.603331142425539838e+03 1.465347268125743734e-15
3.607406669616700128e+03 1.447959771726715159e-15
3.611482196807859964e+03 1.421290093916045015e-15
3.615557723999029804e+03 1.447648875394884216e-15
3.619633251190190094e+03 1.493365768296416043e-15
3.623708778381349930e+03 1.496177591757756659e-15
3.627784305572510220e+03 1.493451746264289743e-15
3.631859832763670056e+03 1.490483098989547620e-15
3.635935359954839896e+03 1.463129036554603008e-15
3.640010887146000186e+03 1.492082977015740808e-15
3.644086414337160022e+03 1.501010929199742953e-15
3.648161941528319858e+03 1.445670694310046627e-15
3.652237468719490153e+03 1.521838232137461435e-15
3.656312995910649988e+03 1.470775573105415855e-15
3.660388523101809824e+03 1.453535958811130297e-15
3.664464050292970114e+03 1.439500227511688926e-15
3.668539577484129950e+03 1.484784479278880574e-15
3.672615104675299790e+03 1.474011095992437766e-15
3.676690631866460080e+03 1.477320903843702819e-15
3.680766159057619916e+03 1.455919268080588347e-15
3.684841686248780206e+03 1.455472182647645144e-15
3.688917213439940042e+03 1.443660185509288640e-15
3.692992740631109882e+03 1.494021952147227922e-15
3.697068267822270172e+03 1.498549208023584149e-15
3.701143795013430008e+03 1.506155850797303651e-15
3.705219322204589844e+03 1.490944628721093454e-15
3.709294849395750134e+03 1.535578199227417166e-15
3.713370376586919974e+03 1.495127972725954879e-15
3.717445903778079810e+03 1.492639426423819424e-15
3.721521430969240100e+03 1.535188203165142205e-15
3.725596958160399936e+03 1.471960693414586631e-15
3.729672485351569776e+03 1.502099754184895209e-15
3.733748012542730066e+03 1.499267983835008018e-15
3.737823539733889902e+03 1.486768850777404977e-15
3.741899066925050192e+03 1.482432122077856985e-15
3.745974594116210028e+03 1.514965497297511500e-15
3.750050121307379868e+03 1.483087618104925798e-15
3.754125648498540158e+03 1.484624904170506997e-15
3.758201175689699994e+03 1.480017860739964277e-15
3.762276702880859830e+03 1.475467906680089405e-15
3.766352230072030125e+03 1.466158900142470987e-15
3.770427757263189960e+03 1.463030677759355681e-15
3.774503284454349796e+03 1.466700905251946775e-15
3.778578811645510086e+03 1.415500681471303391e-15
3.782654338836669922e+03 1.495361832798571202e-15
3.786729866027840217e+03 1.457091319738642233e-15
3.790805393219000052e+03 1.478557610933597895e-15
3.794880920410159888e+03 1.417387381998323336e-15
3.798956447601320178e+03 1.443120243871041855e-15
3.803031974792480014e+03 1.443316961461536904e-15
3.807107501983649854e+03 1.440774764907448344e-15
3.811183029174810144e+03 1.420191639398491005e-15
3.815258556365969980e+03 1.415701526004256447e-15
3.819334083557129816e+03 1.430563333619027898e-15
3.823409610748300111e+03 1.460080601725674195e-15
3.827485137939459946e+03 1.457488194038347074e-15
3.831560665130619782e+03 1.465230338089435572e-15
3.835636192321780072e+03 1.452823373413393242e-15
3.839711719512939908e+03 1.402795889114546614e-15
3.843787246704110203e+03 1.424440326658936490e-15
3.847862773895270038e+03 1.410938346584055090e-15
3.851938301086429874e+03 1.402800016057004621e-15
3.856013828277590164e+03 1.387658952002579558e-15
3.860089355468750000e+03 1.381124626444180284e-15
3.864164882659919840e+03 1.407421503786150366e-15
3.868240409851080130e+03 1.375536058532391716e-15
3.872315937042239966e+03 1.384769404458281058e-15
3.876391464233399802e+03 1.393552225832512649e-15
3.880466991424560092e+03 1.374211310003394331e-15
3.884542518615729932e+03 1.355479118186821402e-15
3.888618045806890223e+03 1.345908050803124269e-15
3.892693572998050058e+03 1.355527265848830564e-15
3.896769100189209894e+03 1.342586549948228459e-15
3.900844627380380189e+03 1.362497671660284957e-15
3.904920154571540024e+03 1.374657707612594270e-15
3.908995681762699860e+03 1.315049526397648756e-15
3.913071208953860150e+03 1.306321730922856600e-15
3.917146736145019986e+03 1.320675924615301862e-15
3.921222263336189826e+03 1.324974135185242445e-15
3.925297790527350116e+03 1.320834124076189502e-15
3.929373317718509952e+03 1.311052582627137560e-15
3.933448844909669788e+03 1.301359082617188321e-15
3.937524372100830078e+03 1.296016755605389507e-15
3.941599899291999918e+03 1.269937918389947576e-15
3.945675426483160209e+03 1.300678824935371663e-15
3.949750953674320044e+03 1.303111657514325206e-15
3.953826480865479880e+03 1.327651833016700001e-15
3.957902008056650175e+03 1.349485422090411979e-15
3.961977535247810010e+03 1.307643040333139243e-15
3.966053062438969846e+03 1.289380632133028360e-15
3.970128589630130136e+03 1.279149941779804210e-15
3.974204116821289972e+03 1.280943098277777507e-15
3.978279644012459812e+03 1.267043556079448199e-15
3.982355171203620102e+03 1.307588702257443071e-15
3.986430698394779938e+03 1.325765820313423321e-15
3.990506225585939774e+03 1.343354161245404754e-15
3.994581752777100064e+03 1.310663962212348535e-15
3.998657279968269904e+03 1.286679548294308895e-15
4.002732807159430195e+03 1.309095036254589808e-15
4.006808334350590030e+03 1.284993004476498939e-15
4.010883861541749866e+03 1.280337125560203793e-15
4.014959388732910156e+03 1.260704572464057841e-15
4.019034915924079996e+03 1.275924736248927118e-15
4.023110443115239832e+03 1.298624983238805391e-15
4.027185970306400122e+03 1.336178783958539495e-15
4.031261497497559958e+03 1.302812454186124626e-15
4.035337024688719794e+03 1.313609911303572014e-15
4.039412551879890088e+03 1.331476820851464191e-15
4.043488079071049924e+03 1.314355512240972535e-15
4.047563606262210214e+03 1.297622824045269903e-15
4.051639133453370050e+03 1.280536594445670715e-15
4.055714660644539890e+03 1.271030182493814575e-15
4.059790187835700181e+03 1.240862233126300343e-15
4.063865715026860016e+03 1.214300543643279673e-15
4.067941242218019852e+03 1.201317870494355023e-15
4.072016769409180142e+03 1.242944963420072467e-15
4.076092296600349982e+03 1.222491148774797114e-15
4.080167823791509818e+03 1.251980903931723692e-15
4.084243350982670108e+03 1.263202060474852574e-15
4.088318878173829944e+03 1.298487418490207588e-15
4.092394405364989780e+03 1.285942889065567258e-15
4.096469932556159620e+03 1.289038783732762561e-15
4.100545459747319910e+03 1.301025488101838339e-15
4.104620986938480200e+03 1.276982609165644716e-15
4.108696514129639581e+03 1.245132242922778535e-15
4.112772041320809876e+03 1.214110016466471635e-15
4.116847568511970167e+03 1.161805835578330298e-15
4.120923095703129547e+03 1.202312463626717761e-15
4.124998622894289838e+03 1.236495928005804024e-15
4.129074150085450128e+03 1.250508961121726356e-15
4.133149677276620423e+03 1.244287595366387620e-15
4.137225204467779804e+03 1.273590950288963970e-15
4.141300731658940094e+03 1.241066516777968339e-15
4.145376258850100385e+03 1.202879918214684067e-15
4.149451786041269770e+03 1.175884211949836887e-15
4.153527313232430060e+03 1.148635386547569680e-15
4.157602840423590351e+03 1.118230137988724381e-15
4.161678367614749732e+03 1.147434446292310139e-15
4.165753894805910022e+03 1.173392914352729362e-15
4.169829421997080317e+03 1.196949501902629503e-15
4.173904949188239698e+03 1.208232562582627307e-15
4.177980476379399988e+03 1.205268042250343191e-15
4.182056003570560279e+03 1.220116781213997751e-15
4.186131530761719659e+03 1.193330173367019444e-15
4.190207057952889954e+03 1.203068381920263102e-15
4.194282585144050245e+03 1.189908250245647304e-15
4.198358112335209626e+03 1.183630482943383392e-15
4.202433639526369916e+03 1.173145297805253081e-15
4.206509166717530206e+03 1.221112062170103359e-15
4.210584693908699592e+03 1.215806877640426411e-15
4.214660221099859882e+03 1.210687405521356427e-15
4.218735748291020172e+03 1.217207286781152874e-15
4.222811275482179553e+03 1.235743448830973426e-15
4.226886802673349848e+03 1.235167740358091304e-15
4.230962329864510139e+03 1.241993703183517817e-15
4.235037857055670429e+03 1.245890912511295946e-15
4.239113384246829810e+03 1.255067856890260111e-15
4.243188911437990100e+03 1.253417767730828758e-15
4.247264438629160395e+03 1.248897390091902411e-15
4.251339965820319776e+03 1.229915518256624591e-15
4.255415493011480066e+03 1.205591319409548155e-15
4.259491020202640357e+03 1.259991299242578113e-15
4.263566547393799738e+03 1.205005293580521212e-15
4.267642074584970032e+03 1.215116990426208000e-15
4.271717601776130323e+03 1.224752713241746323e-15
4.275793128967289704e+03 1.219061659592252224e-15
4.279868656158449994e+03 1.182148910600984105e-15
4.283944183349610284e+03 1.180095756728160900e-15
4.288019710540779670e+03 1.157326727363983430e-15
4.292095237731939960e+03 1.126486086375825685e-15
4.296170764923100251e+03 1.121960206146955591e-15
4.300246292114259631e+03 1.145673617510257437e-15
4.304321819305429926e+03 1.189930948429165948e-15
4.308397346496590217e+03 1.167394403490119063e-15
4.312472873687749598e+03 1.181168761767224194e-15
4.316548400878909888e+03 1.189677829291745920e-15
4.320623928070070178e+03 1.163120266751183061e-15
4.324699455261239564e+03 1.164707763950002425e-15
4.328774982452399854e+03 1.150094260706450323e-15
4.332850509643560144e+03 1.171548171074031766e-15
4.336926036834720435e+03 1.151835142599956254e-15
4.341001564025879816e+03 1.168290637827234277e-15
4.345077091217050111e+03 1.162047261712119569e-15
4.349152618408210401e+03 1.153980464854340170e-15
4.353228145599369782e+03 1.169287982254568691e-15
4.357303672790530072e+03 1.159066233610003622e-15
4.361379199981690363e+03 1.160654418632566250e-15
4.365454727172859748e+03 1.138472102921158593e-15
4.369530254364020038e+03 1.136804818168152342e-15
4.373605781555180329e+03 1.120734504236948600e-15
4.377681308746339710e+03 1.131425348674232450e-15
4.381756835937510004e+03 1.132371106320842762e-15
4.385832363128670295e+03 1.078788948918227265e-15
4.389907890319829676e+03 1.080073115846388634e-15
4.393983417510989966e+03 1.061931076801300655e-15
4.398058944702150256e+03 1.048151215934251382e-15
4.402134471893319642e+03 1.041758582066908115e-15
4.406209999084479932e+03 1.051701074271819769e-15
4.410285526275640223e+03 1.054970988345991279e-15
4.414361053466799603e+03 1.077724885587822855e-15
4.418436580657969898e+03 1.043390787809022096e-15
4.422512107849130189e+03 1.045507221466200357e-15
4.426587635040289570e+03 1.032358782795215514e-15
4.430663162231449860e+03 1.018810030705810691e-15
4.434738689422610150e+03 1.048140898578106562e-15
4.438814216613780445e+03 1.029305533200085429e-15
4.442889743804939826e+03 1.041554298415240316e-15
4.446965270996100116e+03 1.042364554784481829e-15
4.451040798187260407e+03 1.043293116837517441e-15
4.455116325378429792e+03 1.039069879055562671e-15
4.459191852569590083e+03 1.053534124546886411e-15
4.463267379760750373e+03 1.078831593990292681e-15
4.467342906951909754e+03 1.069025978710236157e-15
4.471418434143070044e+03 1.054032796760553520e-15
4.475493961334240339e+03 1.097464739187875018e-15
4.479569488525399720e+03 1.084867247335024452e-15
4.483645015716560010e+03 1.078943021436657096e-15
4.487720542907720301e+03 1.110955026259125661e-15
4.491796070098879682e+03 1.104539006384520682e-15
4.495871597290049976e+03 1.080168723346664088e-15
4.499947124481210267e+03 1.061946896747389419e-15
4.504022651672369648e+03 1.083210279938163021e-15
4.508098178863529938e+03 1.053226667333770211e-15
4.512173706054690228e+03 1.092859759228561104e-15
4.516249233245859614e+03 1.112265330489520416e-15
4.520324760437019904e+03 1.096044383158601981e-15
4.524400287628180195e+03 1.104052714998227200e-15
4.528475814819339575e+03 1.074593911909735084e-15
4.532551342010509870e+03 1.081693628584871463e-15
4.536626869201670161e+03 1.063937458659600635e-15
4.540702396392830451e+03 1.065564161811770672e-15
4.544777923583989832e+03 1.039014853156123629e-15
4.548853450775150122e+03 1.059028460605885461e-15
4.552928977966320417e+03 1.064201582976908550e-15
4.557004505157479798e+03 1.097922141976962845e-15
4.561080032348640088e+03 1.093050286405369143e-15
4.565155559539800379e+03 1.120962861719621177e-15
4.569231086730959760e+03 1.138379934539598079e-15
4.573306613922130055e+03 1.118320930722798761e-15
4.577382141113290345e+03 1.110584289261654404e-15
4.581457668304449726e+03 1.125139327487052524e-15
4.585533195495610016e+03 1.091360303468844247e-15
4.589608722686770307e+03 1.091944953650385253e-15
4.593684249877939692e+03 1.109348957819245462e-15
4.597759777069099982e+03 1.125192977739005630e-15
4.601835304260260273e+03 1.125637999700719830e-15
4.605910831451419654e+03 1.121705711362049627e-15
4.609986358642579944e+03 1.140100869544557436e-15
4.614061885833750239e+03 1.141345830519368329e-15
4.618137413024909620e+03 1.148602371007906215e-15
4.622212940216069910e+03 1.154010729099031762e-15
4.626288467407230200e+03 1.140687583197327446e-15
4.630363994598399586e+03 1.155948328583032742e-15
4.634439521789559876e+03 1.138691518695172287e-15
4.638515048980720167e+03 1.114204993444750400e-15
4.642590576171879547e+03 1.098799117249274355e-15
4.646666103363039838e+03 1.063540584359895794e-15
4.650741630554210133e+03 1.066388174655871748e-15
4.654817157745370423e+03 1.063831533803180360e-15
4.658892684936529804e+03 1.054378772103277326e-15
4.662968212127690094e+03 1.039611196341295392e-15
4.667043739318850385e+03 1.040968960409956243e-15
4.671119266510019770e+03 1.036266997302881136e-15
4.675194793701180060e+03 1.035273091994261464e-15
4.679270320892340351e+03 1.047660109781757024e-15
4.683345848083499732e+03 1.021141753194544639e-15
4.687421375274670027e+03 1.041822549675006238e-15
4.691496902465830317e+03 1.023692891457292281e-15
4.695572429656989698e+03 1.024740447017865058e-15
4.699647956848149988e+03 1.059879986399706256e-15
4.703723484039310279e+03 1.032612589756378411e-15
4.707799011230479664e+03 1.016035349726591350e-15
4.711874538421639954e+03 1.038556074719549668e-15
4.715950065612800245e+03 1.030555308941097199e-15
4.720025592803959626e+03 1.063572912075816389e-15
4.724101119995119916e+03 1.043786974284983870e-15
4.728176647186290211e+03 1.009600758610925734e-15
4.732252174377449592e+03 1.024962614086850624e-15
4.736327701568609882e+03 1.004660120665033032e-15
4.740403228759770172e+03 9.987145722306329685e-16
4.744478755950939558e+03 1.015361282458461702e-15
4.748554283142099848e+03 9.917599863652673393e-16
4.752629810333260139e+03 1.014967159453728932e-15
4.756705337524420429e+03 1.028308188772750818e-15
4.760780864715579810e+03 1.018830665418100135e-15
4.764856391906750105e+03 1.026841748552697622e-15
4.768931919097910395e+03 1.030635784319026956e-15
4.773007446289069776e+03 1.049315701531132518e-15
4.777082973480230066e+03 1.039859500712514543e-15
4.781158500671390357e+03 1.030607583545564368e-15
4.785234027862559742e+03 1.033330677744059213e-15
4.789309555053720032e+03 1.026626459721141936e-15
4.793385082244880323e+03 1.040265316720878268e-15
4.797460609436039704e+03 1.053115239887405795e-15
4.801536136627199994e+03 1.032790048282069756e-15
4.805611663818370289e+03 1.016058047910109994e-15
4.809687191009529670e+03 1.035524835484195556e-15
4.813762718200689960e+03 1.042685080648714920e-15
4.817838245391850251e+03 1.048211744423634565e-15
4.821913772583019636e+03 1.023331096168479711e-15
4.825989299774179926e+03 1.054934533687612677e-15
4.830064826965340217e+03 1.033786017061918431e-15
4.834140354156499598e+03 1.039142100548576611e-15
4.838215881347659888e+03 1.041964929189804918e-15
4.842291408538830183e+03 1.038242427092746457e-15
4.846366935729989564e+03 1.015886091974362790e-15
4.850442462921149854e+03 1.046862922063632401e-15
4.854517990112310144e+03 1.042561960198719748e-15
4.858593517303470435e+03 1.032254921410024045e-15
4.862669044494639820e+03 1.019798433424486419e-15
4.866744571685800111e+03 1.037450054140822712e-15
4.870820098876960401e+03 1.052661276217032711e-15
4.874895626068119782e+03 1.011611267411683721e-15
4.878971153259280072e+03 1.017069148812304366e-15
4.883046680450450367e+03 1.006443647630604576e-15
4.887122207641609748e+03 1.009193566955076072e-15
4.891197734832770038e+03 1.004801124532345775e-15
4.895273262023930329e+03 9.972047991147712907e-16
4.899348789215099714e+03 9.941611790520433541e-16
4.903424316406260004e+03 1.014956842097584111e-15
4.907499843597420295e+03 9.894241369340753843e-16
4.911575370788579676e+03 9.886145683885769381e-16
4.915650897979739966e+03 9.884790671112079418e-16
4.919726425170910261e+03 9.886131927410910015e-16
4.923801952362069642e+03 9.811392999497682286e-16
4.927877479553229932e+03 9.592052886095801170e-16
4.931953006744390223e+03 9.709395616649789342e-16
4.936028533935559608e+03 9.859368705571191842e-16
4.940104061126719898e+03 9.807788803084419896e-16
4.944179588317880189e+03 9.820045822184489811e-16
4.948255115509039570e+03 9.787814401588006961e-16
4.952330642700199860e+03 9.843988966677951156e-16
4.956406169891370155e+03 9.813717843748988128e-16
4.960481697082530445e+03 9.919009902325800821e-16
4.964557224273689826e+03 1.009745201596953614e-15
4.968632751464850116e+03 1.003937217911151353e-15
4.972708278656010407e+03 1.003248706344418879e-15
4.976783805847179792e+03 9.881427213008862837e-16
4.980859333038340083e+03 9.728916054475827418e-16
4.984934860229500373e+03 1.003961291742155934e-15
4.989010387420659754e+03 1.003767325446632758e-15
4.993085914611820044e+03 9.996878428269629991e-16
4.997161441802990339e+03 1.032687562544364224e-15
5.001236968994149720e+03 1.053122118124835676e-15
5.005312496185310010e+03 1.055750292646798134e-15
5.009388023376470301e+03 1.062103032737048056e-15
5.013463550567639686e+03 1.081065645507522171e-15
5.017539077758799976e+03 1.070721464236704997e-15
5.021614604949960267e+03 1.076252942777825518e-15
5.025690132141119648e+03 1.058206511233013191e-15
5.029765659332279938e+03 1.065638446776013418e-15
5.033841186523450233e+03 1.065443792656747373e-15
5.037916713714609614e+03 1.054748821277005515e-15
5.041992240905769904e+03 1.068759103097956171e-15
5.046067768096930195e+03 1.047237786003561665e-15
5.050143295288099580e+03 1.051334464216806322e-15
5.054218822479259870e+03 1.062371971820556848e-15
5.058294349670420161e+03 1.034987645140920841e-15
5.062369876861580451e+03 1.049746279194243891e-15
5.066445404052739832e+03 1.029476801312089763e-15
5.070520931243910127e+03 1.035465682642298309e-15
5.074596458435070417e+03 1.047000486812230204e-15
5.078671985626229798e+03 1.006246930040109527e-15
5.082747512817390088e+03 9.893264659625709267e-16
5.086823040008550379e+03 9.764256438390621672e-16
5.090898567199719764e+03 9.815643750229356576e-16
5.094974094390880055e+03 1.004180019692426561e-15
5.099049621582040345e+03 1.007699613785303159e-15
5.103125148773199726e+03 1.010307153594975779e-15
5.107200675964370021e+03 9.801619024109803882e-16
5.111276203155530311e+03 1.016431536202553321e-15
5.115351730346689692e+03 9.978389726058073956e-16
5.119427257537849982e+03 1.014024153102090493e-15
5.123502784729010273e+03 9.928900807749988768e-16
5.127578311920179658e+03 1.008469976377451327e-15
5.131653839111339948e+03 1.015373663285835724e-15
5.135729366302500239e+03 1.004151818918963973e-15
5.139804893493659620e+03 9.945635559416921389e-16
5.143880420684829915e+03 1.001948031646426074e-15
5.147955947875990205e+03 9.947093745752057584e-16
5.152031475067149586e+03 9.944060443045475651e-16
5.156107002258309876e+03 1.010902121132661606e-15
5.160182529449470167e+03 1.021745662440889153e-15
5.164258056640639552e+03 1.035542031077770059e-15
5.168333583831799842e+03 1.045117225403925199e-15
5.172409111022960133e+03 1.051815253013155860e-15
5.176484638214120423e+03 1.059524381524580894e-15
5.180560165405279804e+03 1.050724364556774601e-15
5.184635692596450099e+03 1.044392259178814517e-15
5.188711219787610389e+03 1.010289270177658208e-15
5.192786746978769770e+03 9.934307102369885310e-16
5.196862274169930060e+03 9.960588847589509892e-16
5.200937801361090351e+03 9.546649640821071963e-16
5.205013328552259736e+03 9.470576334846446277e-16
5.209088855743420027e+03 9.356370080560490214e-16
5.213164382934580317e+03 9.399792393455409565e-16
5.217239910125739698e+03 9.354877503038202645e-16
5.221315437316909993e+03 9.317851950953085752e-16
5.225390964508070283e+03 9.231502558258198037e-16
5.229466491699229664e+03 9.376688393928397162e-16
5.233542018890389954e+03 9.236867583453516481e-16
5.237617546081550245e+03 9.172831192981204937e-16
5.241693073272719630e+03 9.208735592365248979e-16
5.245768600463879920e+03 9.256429290704132655e-16
5.249844127655040211e+03 8.971897242941717743e-16
5.253919654846199592e+03 8.973713097623209290e-16
5.257995182037359882e+03 8.901512239321614481e-16
5.262070709228530177e+03 8.924361744063721707e-16
5.266146236419689558e+03 9.055591635988664969e-16
5.270221763610849848e+03 8.951214382990026746e-16
5.274297290802010139e+03 8.837248867014116493e-16
5.278372817993170429e+03 8.961683060358325818e-16
5.282448345184339814e+03 9.067573525591539673e-16
5.286523872375500105e+03 9.054298527351845111e-16
5.290599399566660395e+03 9.045095445670647164e-16
5.294674926757819776e+03 9.088772253350473662e-16
5.298750453948980066e+03 9.115095267994676343e-16
5.302825981140150361e+03 8.837228232301827443e-16
5.306901508331309742e+03 8.784086969918467153e-16
5.310977035522470032e+03 8.966277722961494123e-16
5.315052562713630323e+03 8.811586163163183107e-16
5.319128089904799708e+03 9.054243501452405674e-16
5.323203617095959999e+03 8.801777796588154316e-16
5.327279144287120289e+03 8.646315874197696118e-16
5.331354671478279670e+03 8.816909918933921481e-16
5.335430198669439960e+03 8.755899952930763173e-16
5.339505725860610255e+03 8.896305413587185649e-16
5.343581253051769636e+03 8.840708620441354552e-16
5.347656780242929926e+03 8.906093145449923419e-16
5.351732307434090217e+03 8.813869737989907893e-16
5.355807834625249598e+03 8.638797960686821796e-16
5.359883361816419892e+03 8.581082670412583237e-16
5.363958889007580183e+03 8.656867090415152373e-16
5.368034416198739564e+03 8.435931225929534499e-16
5.372109943389899854e+03 8.345936367396804323e-16
5.376185470581070149e+03 8.465899706411581612e-16
5.380260997772230439e+03 8.648083581217177912e-16
5.384336524963389820e+03 8.584480519702951191e-16
5.388412052154550111e+03 8.481128124081366312e-16
5.392487579345710401e+03 8.343473958396902847e-16
5.396563106536879786e+03 8.308855789412247007e-16
5.400638633728040077e+03 8.220209065415775139e-16
5.404714160919200367e+03 7.994011349296288997e-16
5.408789688110359748e+03 8.209252033189954765e-16
5.412865215301520038e+03 8.295250635775916812e-16
5.416940742492690333e+03 7.965693645797417093e-16
5.421016269683849714e+03 8.076928501513657385e-16
5.425091796875010004e+03 8.148627248482871526e-16
5.429167324066170295e+03 8.030307808213838778e-16
5.433242851257339680e+03 8.386462942333739346e-16
5.437318378448499971e+03 8.192558550947603200e-16
5.441393905639660261e+03 8.140710397201063754e-16
5.445469432830819642e+03 8.015725944862463020e-16
5.449544960021979932e+03 8.218228133035967255e-16
5.453620487213150227e+03 8.226819051585903688e-16
5.457696014404309608e+03 8.144032585879702236e-16
5.461771541595469898e+03 7.997753110458150964e-16
5.465847068786630189e+03 7.900831866833517944e-16
5.469922595977789570e+03 7.969882492392222264e-16
5.473998123168959864e+03 8.104214469398047247e-16
5.478073650360120155e+03 8.096311374591098841e-16
5.482149177551280445e+03 7.999919755248567194e-16
5.486224704742439826e+03 7.904305376735614384e-16
5.490300231933610121e+03 7.916624299972554404e-16
5.494375759124770411e+03 8.120694726280071735e-16
5.498451286315929792e+03 8.090451116300829411e-16
5.502526813507090083e+03 7.906306943827714276e-16
5.506602340698250373e+03 7.811710544454384140e-16
5.510677867889419758e+03 7.727651604823652866e-16
5.514753395080580049e+03 7.819531100412173391e-16
5.518828922271740339e+03 7.921954933980722461e-16
5.522904449462899720e+03 7.869762868362687030e-16
5.526979976654060010e+03 7.938703442122513463e-16
5.531055503845230305e+03 7.921377162036611335e-16
5.535131031036389686e+03 7.973067116322262155e-16
5.539206558227549976e+03 7.767015757634933981e-16
5.543282085418710267e+03 7.874667051650201918e-16
5.547357612609869648e+03 7.979649589542670985e-16
5.551433139801039943e+03 7.849857249240574870e-16
5.555508666992200233e+03 7.746050889948619076e-16
5.559584194183359614e+03 7.797788991896279649e-16
5.563659721374519904e+03 7.725086022262302200e-16
5.567735248565680195e+03 7.709334858547844824e-16
5.571810775756849580e+03 7.653779334826593797e-16
5.575886302948009870e+03 7.785820858768264311e-16
5.579961830139170161e+03 7.986995547117797315e-16
5.584037357330330451e+03 7.748176265314456222e-16
5.588112884521499836e+03 7.577231430469305190e-16
5.592188411712660127e+03 7.703199470760380183e-16
5.596263938903820417e+03 7.704355014648601449e-16
5.600339466094979798e+03 7.739915502161152464e-16
5.604414993286140088e+03 7.760660266249713566e-16
5.608490520477310383e+03 7.584577388044431519e-16
5.612566047668469764e+03 7.723717253013752870e-16
5.616641574859630055e+03 7.480372090981540304e-16
5.620717102050790345e+03 7.640077885866244095e-16
5.624792629241949726e+03 7.610597760241720256e-16
5.628868156433120021e+03 7.609641685238965715e-16
5.632943683624280311e+03 7.487614874995219415e-16
5.637019210815439692e+03 7.478343010939722665e-16
5.641094738006599982e+03 7.506048551307334041e-16
5.645170265197760273e+03 7.398693021501552336e-16
5.649245792388929658e+03 7.421652578042538436e-16
5.653321319580089948e+03 7.411170144199379012e-16
5.657396846771250239e+03 7.323417591068794537e-16
5.661472373962409620e+03 7.367403919432964661e-16
5.665547901153579915e+03 7.580037751340701665e-16
5.669623428344740205e+03 7.709080363762939648e-16
5.673698955535899586e+03 7.505051206880000416e-16
5.677774482727059876e+03 7.224652979812950252e-16
5.681850009918220167e+03 7.283516935737981380e-16
5.685925537109389552e+03 7.582548308002613881e-16
5.690001064300549842e+03 7.242804648390439984e-16
5.694076591491710133e+03 7.254449504359250358e-16
5.698152118682870423e+03 7.299969679670287135e-16
5.702227645874029804e+03 7.314214509387597576e-16
5.706303173065200099e+03 7.420545181816325937e-16
5.710378700256360389e+03 7.465879644716755356e-16
5.714454227447519770e+03 7.476499643308510414e-16
5.718529754638680060e+03 7.348557548875056233e-16
5.722605281829840351e+03 7.234495737575127458e-16
5.726680809021009736e+03 7.260282249699800069e-16
5.730756336212170027e+03 7.150079129598041818e-16
5.734831863403330317e+03 7.233120090089150418e-16
5.738907390594489698e+03 7.165885319211937645e-16
5.742982917785659993e+03 7.141770218782730279e-16
5.747058444976820283e+03 7.267366834252590554e-16
5.751133972167979664e+03 6.950637757080842193e-16
5.755209499359139954e+03 7.289191481617643451e-16
5.759285026550300245e+03 7.383829150415552671e-16
5.763360553741469630e+03 7.149040515746128122e-16
5.767436080932629920e+03 7.068970953824734308e-16
5.771511608123790211e+03 7.168939256630810599e-16
5.775587135314949592e+03 7.356625721380321963e-16
5.779662662506109882e+03 7.074164023084303773e-16
5.783738189697280177e+03 7.189766559568527898e-16
5.787813716888439558e+03 7.103623513996539549e-16
5.791889244079599848e+03 7.083772920773864854e-16
5.795964771270760139e+03 7.226386295645283630e-16
5.800040298461920429e+03 7.186987751646852127e-16
5.804115825653089814e+03 7.354128921193271086e-16
5.808191352844250105e+03 7.141495089285535068e-16
5.812266880035410395e+03 6.855583267094682347e-16
5.816342407226569776e+03 6.785780850184890496e-16
5.820417934417740071e+03 6.912511687006940513e-16
5.824493461608900361e+03 7.152293922050467801e-16
5.828568988800059742e+03 7.179105291552192770e-16
5.832644515991220032e+03 7.187214733482038570e-16
5.836720043182380323e+03 7.172770434879261404e-16
5.840795570373549708e+03 7.165623946189601800e-16
5.844871097564709999e+03 6.916494186478848289e-16
5.848946624755870289e+03 7.191678709574038952e-16
5.853022151947029670e+03 6.978033776764108957e-16
5.857097679138199965e+03 7.240273457016238719e-16
5.861173206329360255e+03 7.132271372892046099e-16
5.865248733520519636e+03 6.976898867588175754e-16
5.869324260711679926e+03 7.103217697988175429e-16
5.873399787902840217e+03 7.109428746387370528e-16
5.877475315094009602e+03 7.088353826902174778e-16
5.881550842285169892e+03 7.194897724691230216e-16
5.885626369476330183e+03 7.231352383069666652e-16
5.889701896667489564e+03 7.090568619354600761e-16
5.893777423858649854e+03 7.137932162296849790e-16
5.897852951049820149e+03 7.045234156454170357e-16
5.901928478240980439e+03 7.110474238476712921e-16
5.906004005432139820e+03 7.007823423072978394e-16
5.910079532623300111e+03 7.042868042778287402e-16
5.914155059814460401e+03 7.036175517759000684e-16
5.918230587005629786e+03 6.788263206073339532e-16
5.922306114196790077e+03 7.162865772980214092e-16
5.926381641387950367e+03 7.099214563803977617e-16
5.930457168579109748e+03 6.907573112532276222e-16
5.934532695770280043e+03 7.100019317583275187e-16
5.938608222961440333e+03 7.187228489956898923e-16
5.942683750152599714e+03 7.027646503345932384e-16
5.946759277343760004e+03 7.004927685114994066e-16
5.950834804534930299e+03 6.971547598867718647e-16
5.954910331726089680e+03 7.117077346409411787e-16
5.958985858917249971e+03 6.980014709143917828e-16
5.963061386108410261e+03 6.474466321517954298e-16
5.967136913299569642e+03 6.792164542343576062e-16
5.971212440490739937e+03 6.830332569665798317e-16
5.975287967681900227e+03 6.562983046826999733e-16
5.979363494873059608e+03 6.757481717927078244e-16
5.983439022064219898e+03 6.935698225383112070e-16
5.987514549255380189e+03 6.945513470195571530e-16
5.991590076446549574e+03 6.903542465398358692e-16
5.995665603637709864e+03 6.845224641525262148e-16
5.999741130828870155e+03 6.749877138624587943e-16
6.003816658020030445e+03 6.760307985687021293e-16
6.007892185211199831e+03 6.837466677528084491e-16
6.011967712402360121e+03 6.955968391089009264e-16
6.016043239593520411e+03 7.060950928981477345e-16
6.020118766784679792e+03 6.886683905457689803e-16
6.024194293975840083e+03 6.923530623369630007e-16
6.028269821167010377e+03 7.033575544010500617e-16
6.032345348358169758e+03 7.121713278437160161e-16
6.036420875549330049e+03 7.148999246321549038e-16
6.040496402740490339e+03 6.943498146628611286e-16
6.044571929931649720e+03 6.907917024403771222e-16
6.048647457122820015e+03 7.012473111575587121e-16
6.052722984313980305e+03 7.065848234031562551e-16
6.056798511505139686e+03 7.127958718023503675e-16
6.060874038696299976e+03 7.086592998120122667e-16
6.064949565887460267e+03 7.221736607142675889e-16
6.069025093078629652e+03 7.375031884742717857e-16
6.073100620269789943e+03 7.349149077294027711e-16
6.077176147460950233e+03 7.367589631843573007e-16
6.081251674652109614e+03 7.292795678030907813e-16
6.085327201843279909e+03 7.477208101763789462e-16
6.089402729034440199e+03 7.274485809992530440e-16
6.093478256225599580e+03 7.442954479362918657e-16
6.097553783416759870e+03 7.250102458303557546e-16
6.101629310607920161e+03 7.578902842164769449e-16
6.105704837799089546e+03 7.266864722920207913e-16
6.109780364990249836e+03 7.256292871990461623e-16
6.113855892181410127e+03 7.504487191410748656e-16
6.117931419372570417e+03 7.438600555069796163e-16
6.122006946563729798e+03 7.237157615460496645e-16
6.126082473754900093e+03 7.226929676402245355e-16
6.130158000946060383e+03 7.241202019069274528e-16
6.134233528137219764e+03 7.384159305812186332e-16
6.138309055328380055e+03 7.347890359844357255e-16
6.142384582519540345e+03 7.065421783310909382e-16
6.146460109710709730e+03 7.292100976050489116e-16
6.150535636901870021e+03 7.007589563000362267e-16
6.154611164093030311e+03 6.998888592651546960e-16
6.158686691284189692e+03 6.820603990644956807e-16
6.162762218475359987e+03 7.010767308692973461e-16
6.166837745666520277e+03 6.879840059214945128e-16
6.170913272857679658e+03 6.841430605758931631e-16
6.174988800048839948e+03 7.028898342558173158e-16
6.179064327240000239e+03 7.143056449182120453e-16
6.183139854431169624e+03 6.963727042909929396e-16
6.187215381622329915e+03 7.043775970119034161e-16
6.191290908813490205e+03 7.180315861339854459e-16
6.195366436004649586e+03 7.041182874607963777e-16
6.199441963195819881e+03 7.162260488086384234e-16
6.203517490386980171e+03 7.166077909859974687e-16
6.207593017578139552e+03 7.064926550215956425e-16
6.211668544769299842e+03 7.100432011829068003e-16
6.215744071960460133e+03 7.052979051800231122e-16
6.219819599151630428e+03 7.020953978326646653e-16
6.223895126342789808e+03 6.757470712747190751e-16
6.227970653533950099e+03 7.125551334923039664e-16
6.232046180725110389e+03 7.296276066170433935e-16
6.236121707916269770e+03 7.257070112820039474e-16
6.240197235107440065e+03 7.105033552669666977e-16
6.244272762298600355e+03 7.102075910574813529e-16
6.248348289489759736e+03 6.935161722863581014e-16
6.252423816680920027e+03 6.947996513907762055e-16
6.256499343872080317e+03 7.182221133107935830e-16
6.260574871063249702e+03 7.199100327760894754e-16
6.264650398254409993e+03 7.141577628134693237e-16
6.268725925445570283e+03 7.027818459281680377e-16
6.272801452636729664e+03 6.980234812741674588e-16
6.276876979827899959e+03 6.799824835369247289e-16
6.280952507019060249e+03 6.600721872133597931e-16
6.285028034210219630e+03 6.553302615468166990e-16
6.289103561401379920e+03 6.524644439216515422e-16
6.293179088592540211e+03 6.537153889630263087e-16
6.297254615783709596e+03 6.353811031817730186e-16
6.301330142974869887e+03 6.444784663536733350e-16
6.305405670166030177e+03 6.567801939970383593e-16
6.309481197357189558e+03 6.513795395318344523e-16
6.313556724548349848e+03 6.406770020909196479e-16
6.317632251739520143e+03 6.452385803720509303e-16
6.321707778930680433e+03 6.801558839025323143e-16
6.325783306121839814e+03 6.665924811674019221e-16
6.329858833313000105e+03 6.513535397943493629e-16
6.333934360504160395e+03 6.703687710811621803e-16
6.338009887695329780e+03 6.674977259955502672e-16
6.342085414886490071e+03 6.600065000459043971e-16
6.346160942077650361e+03 6.634847559318273673e-16
6.350236469268809742e+03 6.585119966171370101e-16
6.354311996459980037e+03 6.702869200557464868e-16
6.358387523651140327e+03 6.675557783194585671e-16
6.362463050842299708e+03 6.519232642006675133e-16
6.366538578033459999e+03 6.725466273985895331e-16
6.370614105224620289e+03 6.666662158726503924e-16
6.374689632415789674e+03 6.396267640177492453e-16
6.378765159606949965e+03 6.678885474463168885e-16
6.382840686798110255e+03 6.612701010441501748e-16
6.386916213989269636e+03 6.610341775003047490e-16
6.390991741180429926e+03 6.439262126704271712e-16
6.395067268371600221e+03 6.528666144641774858e-16
6.399142795562759602e+03 6.541975534068618821e-16
6.403218322753919892e+03 6.615197122804809164e-16
6.407293849945080183e+03 6.579434415111820537e-16
6.411369377136239564e+03 6.439927252263743265e-16
6.415444904327409859e+03 6.449721862363911704e-16
6.419520431518570149e+03 6.603442215037120903e-16
6.423595958709730439e+03 6.645246766488530481e-16
6.427671485900889820e+03 6.570912278936181921e-16
6.431747013092060115e+03 6.807118518339907041e-16
6.435822540283220405e+03 6.647622509696814992e-16
6.439898067474379786e+03 6.809688915667457992e-16
6.443973594665540077e+03 6.638683552332925750e-16
6.448049121856700367e+03 6.669584033986723019e-16
6.452124649047869752e+03 6.681074129613361087e-16
6.456200176239030043e+03 6.682352793951578117e-16
6.460275703430190333e+03 6.787371098678681536e-16
6.464351230621349714e+03 6.623711005095532161e-16
6.468426757812510004e+03 6.623868516732676341e-16
6.472502285003680299e+03 6.727268372192527512e-16
6.476577812194839680e+03 6.577247823432857734e-16
6.480653339385999971e+03 6.615884258724056688e-16
6.484728866577160261e+03 6.667789501841263983e-16
6.488804393768319642e+03 7.110776880923629822e-16
6.492879920959489937e+03 6.779235519446603926e-16
6.496955448150650227e+03 6.572557553329412397e-16
6.501030975341809608e+03 6.426595164653378882e-16
6.505106502532969898e+03 6.583086759187094653e-16
6.509182029724140193e+03 6.836175632362493046e-16
6.513257556915299574e+03 6.572530728203436141e-16
6.517333084106459864e+03 6.398973538782411612e-16
6.521408611297620155e+03 6.506599383319189228e-16
6.525484138488780445e+03 6.565350536150370596e-16
6.529559665679949831e+03 6.597116300072848619e-16
6.533635192871110121e+03 6.510402360794177840e-16
6.537710720062270411e+03 6.566673909031881059e-16
6.541786247253429792e+03 6.442028553798576026e-16
6.545861774444600087e+03 6.504084011891076728e-16
6.549937301635760377e+03 6.509304594100366898e-16
6.554012828826919758e+03 6.604241466226474726e-16
6.558088356018080049e+03 6.434527835881276405e-16
6.562163883209240339e+03 6.621558804603718759e-16
6.566239410400409724e+03 6.741167226567113555e-16
6.570314937591570015e+03 6.669209170046793953e-16
6.574390464782730305e+03 6.819125169597529590e-16
6.578465991973889686e+03 6.786687401878151319e-16
6.582541519165049976e+03 6.617514400994940876e-16
6.586617046356220271e+03 6.567557762541622449e-16
6.590692573547379652e+03 6.416730396531425704e-16
6.594768100738539943e+03 6.374709868424719147e-16
6.598843627929700233e+03 6.403365981205142304e-16
6.602919155120859614e+03 6.264136699149233101e-16
6.606994682312029909e+03 6.494435908248163989e-16
6.611070209503190199e+03 6.376877201038877852e-16
6.615145736694349580e+03 6.365480649441287419e-16
6.619221263885509870e+03 6.105834064700227055e-16
6.623296791076670161e+03 6.194967767906734288e-16
6.627372318267839546e+03 6.439312337837509878e-16
6.631447845458999836e+03 6.330752428657752706e-16
6.635523372650160127e+03 6.355875190870440687e-16
6.639598899841320417e+03 6.502654714153144215e-16
6.643674427032489803e+03 6.508529416742017459e-16
6.647749954223650093e+03 6.373336284409968547e-16
6.651825481414810383e+03 6.563420502727541380e-16
6.655901008605969764e+03 6.539819894458090084e-16
6.659976535797130055e+03 6.529111854427232125e-16
6.664052062988300349e+03 6.382695502080825723e-16
6.668127590179459730e+03 6.660208996369778066e-16
6.672203117370620021e+03 6.789554939062673453e-16
6.676278644561780311e+03 6.831104307905433407e-16
6.680354171752939692e+03 6.835091622143542456e-16
6.684429698944109987e+03 6.751915160375064662e-16
6.688505226135270277e+03 6.870740151095196372e-16
6.692580753326429658e+03 6.768981443086118854e-16
6.696656280517589948e+03 6.933999300737929079e-16
6.700731807708750239e+03 6.928084016548221199e-16
6.704807334899919624e+03 6.814626114494636346e-16
6.708882862091079915e+03 6.909113837716573545e-16
6.712958389282240205e+03 7.044525697998891308e-16
6.717033916473399586e+03 7.004666312092657235e-16
6.721109443664569881e+03 6.958341383002321902e-16
6.725184970855730171e+03 7.026449690033131048e-16
6.729260498046889552e+03 6.963651382298200910e-16
6.733336025238049842e+03 6.975695176037944734e-16
6.737411552429210133e+03 7.313354729708860570e-16
6.741487079620380428e+03 7.410262216858634224e-16
6.745562606811539808e+03 7.298779744594915482e-16
6.749638134002700099e+03 7.278881003710232019e-16
6.753713661193860389e+03 7.603114237917995336e-16
6.757789188385019770e+03 7.906919106958973817e-16
6.761864715576190065e+03 7.875396144817771002e-16
6.765940242767350355e+03 8.250610874855907076e-16
6.770015769958509736e+03 8.152657895616789057e-16
6.774091297149670027e+03 8.055234540659773396e-16
6.778166824340830317e+03 8.246415150023671235e-16
6.782242351531999702e+03 8.162191132694621651e-16
6.786317878723159993e+03 8.072842828480301404e-16
6.790393405914320283e+03 8.459214059629725563e-16
6.794468933105479664e+03 8.339092521154059648e-16
6.798544460296649959e+03 7.834683857470228620e-16
6.802619987487810249e+03 7.867190407563907667e-16
6.806695514678969630e+03 8.195110377034093514e-16
6.810771041870129920e+03 8.246690279520866446e-16
6.814846569061290211e+03 8.110700647294437557e-16
6.818922096252459596e+03 8.125970334388801342e-16
6.822997623443619887e+03 7.993371673215308751e-16
6.827073150634780177e+03 7.986507192260274040e-16
6.831148677825939558e+03 8.182667645523416240e-16
6.835224205017099848e+03 8.189559639428169683e-16
6.839299732208270143e+03 8.037646887551535424e-16
6.843375259399430433e+03 7.893602839294700171e-16
6.847450786590589814e+03 7.830680723286030808e-16
6.851526313781750105e+03 7.858255577142475247e-16
6.855601840972910395e+03 7.894730870233201719e-16
6.859677368164079780e+03 8.010175207256540175e-16
6.863752895355240071e+03 8.176958708456603782e-16
6.867828422546400361e+03 7.945712366063575462e-16
6.871903949737569747e+03 7.191314162990254904e-16
6.875979476928730037e+03 6.814046279079296808e-16
6.880055004119890327e+03 7.228098976765326973e-16
6.884130531311049708e+03 7.715415220435871014e-16
6.888206058502209999e+03 7.970714759121238566e-16
6.892281585693380293e+03 7.998667916036326421e-16
6.896357112884539674e+03 7.810472461717003719e-16
6.900432640075699965e+03 7.633282187285509173e-16
6.904508167266860255e+03 7.604875066700048432e-16
6.908583694458019636e+03 7.551224814746876805e-16
6.912659221649189931e+03 7.770386093975582217e-16
6.916734748840350221e+03 7.654996782851684183e-16
6.920810276031509602e+03 7.710958122581300315e-16
6.924885803222669892e+03 7.638585308343957512e-16
6.928961330413830183e+03 7.812597837082840864e-16
6.933036857604999568e+03 7.983762775525747671e-16
6.937112384796159859e+03 7.797582644773382255e-16
6.941187911987320149e+03 7.759669800059807652e-16
6.945263439178480439e+03 7.949715500247773274e-16
6.949338966369649825e+03 8.018601048108159285e-16
6.953414493560810115e+03 7.942293882060917473e-16
6.957490020751970405e+03 7.747564102183194708e-16
6.961565547943129786e+03 7.787478513988868218e-16
6.965641075134290077e+03 7.658380875667192771e-16
6.969716602325460372e+03 7.978363359143279825e-16
6.973792129516619752e+03 7.891339899180264434e-16
6.977867656707780043e+03 7.672089202864970184e-16
6.981943183898940333e+03 8.169929149803252734e-16
6.986018711090099714e+03 8.089570701909802370e-16
6.990094238281270009e+03 7.953140862487860946e-16
6.994169765472430299e+03 7.972778230350206592e-16
6.998245292663589680e+03 7.760261328478779130e-16
7.002320819854749971e+03 7.716309391301757421e-16
7.006396347045910261e+03 7.745493752716797000e-16
7.010471874237079646e+03 7.281639176919619727e-16
7.014547401428239937e+03 7.234248121027651966e-16
7.018622928619400227e+03 6.894497583178049372e-16
7.022698455810559608e+03 6.780108367776456837e-16
7.026773983001729903e+03 6.820317168144130642e-16
7.030849510192890193e+03 6.424907245188083384e-16
7.034925037384049574e+03 6.098034831278470314e-16
7.039000564575209864e+03 6.389200251218275683e-16
7.043076091766370155e+03 6.480854140619096688e-16
7.047151618957540450e+03 6.594719234328530611e-16
7.051227146148699831e+03 6.552095484799220636e-16
7.055302673339860121e+03 6.244775148607824155e-16
7.059378200531020411e+03 6.127167605912784804e-16
7.063453727722189797e+03 6.322501982860595937e-16
7.067529254913350087e+03 6.435506609067550379e-16
7.071604782104510377e+03 6.092125049678706180e-16
7.075680309295669758e+03 6.331764217383691131e-16
7.079755836486830049e+03 5.994983702456316399e-16
7.083831363678000343e+03 6.183966027137619494e-16
7.087906890869159724e+03 6.116869508832748774e-16
7.091982418060320015e+03 6.317022091100199321e-16
7.096057945251480305e+03 6.352208402496563744e-16
7.100133472442639686e+03 6.061389645723225247e-16
7.104208999633809981e+03 6.029480126638462412e-16
7.108284526824970271e+03 6.037221582865807843e-16
7.112360054016129652e+03 6.220357405731700874e-16
7.116435581207289943e+03 6.409176028362173568e-16
7.120511108398450233e+03 6.124487156786355966e-16
7.124586635589619618e+03 6.058500098178927142e-16
7.128662162780779909e+03 6.021106560391309879e-16
7.132737689971940199e+03 6.014003404597457771e-16
7.136813217163099580e+03 6.050008914071722592e-16
7.140888744354259870e+03 5.926582382510993881e-16
7.144964271545430165e+03 5.832957190262765561e-16
7.149039798736589546e+03 5.732877460010325446e-16
7.153115325927749836e+03 5.654649890072657947e-16
7.157190853118910127e+03 5.976941397853961093e-16
7.161266380310070417e+03 6.029728431009681366e-16
7.165341907501239803e+03 5.763753867833118333e-16
7.169417434692400093e+03 5.749965753081153638e-16
7.173492961883560383e+03 5.733677399023422731e-16
7.177568489074719764e+03 6.002627487712157373e-16
7.181644016265890059e+03 5.991898125145265917e-16
7.185719543457050349e+03 5.876448973355727176e-16
7.189795070648209730e+03 5.677242148734887139e-16
7.193870597839370021e+03 5.756828170564958950e-16
7.197946125030530311e+03 5.709084948916579584e-16
7.202021652221699696e+03 5.849016499014081613e-16
7.206097179412859987e+03 5.794737576159818219e-16
7.210172706604020277e+03 5.655180202178501795e-16
7.214248233795179658e+03 5.950379708370940029e-16
7.218323760986349953e+03 6.128667749496245517e-16
7.222399288177510243e+03 6.447632941656452372e-16
7.226474815368669624e+03 5.840344417262471961e-16
7.230550342559829915e+03 5.859317347389091488e-16
7.234625869751000209e+03 5.663904558534579010e-16
7.238701396942159590e+03 5.731937204953659670e-16
7.242776924133319881e+03 5.813524793875830387e-16
7.246852451324480171e+03 5.797521886671438723e-16
7.250927978515639552e+03 5.702218404490317447e-16
7.255003505706809847e+03 5.455205078436742987e-16
7.259079032897970137e+03 5.684865299278438077e-16
7.263154560089130428e+03 5.901560042564783217e-16
7.267230087280289808e+03 5.661730347682990622e-16
7.271305614471450099e+03 5.762076265723967852e-16
7.275381141662620394e+03 5.828348771184736905e-16
7.279456668853779775e+03 5.479428167193599829e-16
7.283532196044940065e+03 5.757731283139504439e-16
7.287607723236100355e+03 5.742368739839836481e-16
7.291683250427259736e+03 5.519797230493389686e-16
7.295758777618430031e+03 5.769353440924795379e-16
7.299834304809590321e+03 5.782577540207509300e-16
7.303909832000749702e+03 5.615756208701579971e-16
7.307985359191909993e+03 5.619050884430499721e-16
7.312060886383070283e+03 5.669089373909233842e-16
7.316136413574239668e+03 5.696221957098935363e-16
7.320211940765399959e+03 5.846256262333465493e-16
7.324287467956560249e+03 5.797003955392968304e-16
7.328362995147719630e+03 5.492763693922677573e-16
7.332438522338889925e+03 5.527918365426865455e-16
7.336514049530050215e+03 5.766398550124912819e-16
7.340589576721209596e+03 5.491731958308193561e-16
7.344665103912369887e+03 5.836930748026015243e-16
7.348740631103530177e+03 5.605368694534955103e-16
7.352816158294699562e+03 5.702521046937232377e-16
7.356891685485859853e+03 5.802745907999443241e-16
7.360967212677020143e+03 5.600633028064472873e-16
7.365042739868180433e+03 5.654290158255074183e-16
7.369118267059349819e+03 5.624616754158768855e-16
7.373193794250510109e+03 5.464328372563753653e-16
7.377269321441670400e+03 5.537569220364748095e-16
7.381344848632829780e+03 5.446737280336800346e-16
7.385420375823990071e+03 5.452353361198308631e-16
7.389495903015160366e+03 5.319051056335738263e-16
7.393571430206319747e+03 5.563504990241649265e-16
7.397646957397480037e+03 5.318925872414514087e-16
7.401722484588640327e+03 5.456814585995338126e-16
7.405798011779799708e+03 5.238509647326654386e-16
7.409873538970970003e+03 5.404640403794620856e-16
7.413949066162130293e+03 5.227812612475682934e-16
7.418024593353289674e+03 5.207714402705533732e-16
7.422100120544449965e+03 5.326515319594659086e-16
7.426175647735620259e+03 5.237988964753211108e-16
7.430251174926779640e+03 5.543496197558087915e-16
7.434326702117939931e+03 5.633453225784954341e-16
7.438402229309100221e+03 5.171213660136315954e-16
7.442477756500259602e+03 5.133705255783619534e-16
7.446553283691429897e+03 5.254087479457877833e-16
7.450628810882590187e+03 5.350630420023866452e-16